Linear_Agent_Pos_1772_86: 836.5354292124691
Random_Agent_Pos_1772_86: 405.15649975609745
Curiosity_Brain_PriorityMem32_ImgSize64_NovMSE_Train1_Lrate0.001_Agent_Pos_1772_86: 862.9076364533679
Curiosity_Brain_PriorityMem32_ImgSize64_NovMSE_Train1_Lrate0.0005_Agent_Pos_1772_86: 710.0841066375547
Curiosity_Brain_PriorityMem32_ImgSize64_NovMSE_Train2_Lrate0.001_Agent_Pos_1772_86: 411.40138757370914
Curiosity_Brain_PriorityMem32_ImgSize64_NovMSE_Train2_Lrate0.0005_Agent_Pos_1772_86: 888.4308632957922
Curiosity_Brain_PriorityMem32_ImgSize64_NovMSE_Train3_Lrate0.001_Agent_Pos_1772_86: 324.65615762173854
Curiosity_Brain_PriorityMem32_ImgSize64_NovMSE_Train3_Lrate0.0005_Agent_Pos_1772_86: 760.9293704139081
Curiosity_Brain_PriorityMem32_ImgSize64_NovMSE_Train4_Lrate0.001_Agent_Pos_1772_86: 370.2460567075448
Curiosity_Brain_PriorityMem32_ImgSize64_NovMSE_Train4_Lrate0.0005_Agent_Pos_1772_86: 1013.9854054535654
Curiosity_Brain_PriorityMem32_ImgSize64_NovMAE_Train1_Lrate0.001_Agent_Pos_1772_86: 342.12604333659965
Curiosity_Brain_PriorityMem32_ImgSize64_NovMAE_Train1_Lrate0.0005_Agent_Pos_1772_86: 340.90550500063136
Curiosity_Brain_PriorityMem32_ImgSize64_NovMAE_Train2_Lrate0.001_Agent_Pos_1772_86: 399.5800171485032
Curiosity_Brain_PriorityMem32_ImgSize64_NovMAE_Train2_Lrate0.0005_Agent_Pos_1772_86: 436.25508454165225
Curiosity_Brain_PriorityMem32_ImgSize64_NovMAE_Train3_Lrate0.001_Agent_Pos_1772_86: 324.0959006689235
