Linear_Agent_Pos_1135_1217: 1262.5218502796656
Random_Agent_Pos_1135_1217: 638.0627999972397
