Linear_Agent_Pos_2571_1198: 1015.042103779512
Random_Agent_Pos_2571_1198: 516.0353329535451
