0.8186853,0.7768038,0.27023128,0.25593558
0.3054505,0.3026506,0.26103926,0.22092323
0.3343168,0.3173912,0.20745473,0.18849473
0.19981152,0.19808105,0.11587587,0.10683353
0.14555237,0.14249358,0.13115695,0.11572095
0.1088295,0.10298124,0.09251347,0.08331209
0.09429312,0.09739912,0.09982096,0.08638749
0.10301678,0.10037511,0.07835574,0.07105817
0.2649637,0.26988882,0.1034368,0.09371771
0.10731864,0.09743899,0.086948186,0.06710992
0.092908844,0.08031333,0.11354379,0.07311995
0.10737724,0.11131118,0.077408254,0.050512496
0.12078198,0.11392432,0.08593696,0.05961148
0.08534181,0.07844613,0.0731105,0.04685352
0.062011857,0.053279884,0.09446471,0.06737741
0.069793396,0.061916515,0.08728108,0.04756103
0.13378637,0.1233709,0.08050852,0.08029689
0.07137377,0.06725416,0.09157179,0.07136781
0.09231378,0.09349623,0.06408726,0.06629895
0.06946561,0.06853525,0.07014684,0.060558
0.08134919,0.086849764,0.07807178,0.061963763
0.0759157,0.0802347,0.058728363,0.055102594
0.069191575,0.06555308,0.114374205,0.061813295
0.053976588,0.058197476,0.054335587,0.05030945
0.05861503,0.05360268,0.08068085,0.08321518
0.062617265,0.0684772,0.059120513,0.040563952
0.053646915,0.047678746,0.06929516,0.05045304
0.06358923,0.05641686,0.051479194,0.034298208
0.11474134,0.09112048,0.05812014,0.046717066
0.06651093,0.057305664,0.03779268,0.03489991
0.06638893,0.06163447,0.1051289,0.058808148
0.10898345,0.088662125,0.09478764,0.06294905
0.07499949,0.04380608,0.11516682,0.07775305
0.07256766,0.05753086,0.09515871,0.04165712
0.11207055,0.08906056,0.07744334,0.072842665
0.08500116,0.07475568,0.09124911,0.051672082
0.10574,0.083288625,0.07850916,0.03273501
0.08510293,0.057672016,0.08902411,0.04296486
0.10683511,0.051553056,0.07757971,0.04173397
0.0764729,0.052475866,0.09051302,0.058661774
0.09408335,0.07682292,0.069478214,0.05988112
0.07697855,0.068039656,0.08988269,0.058669783
0.0983886,0.07015511,0.07519613,0.06767804
0.09820132,0.08140598,0.09556288,0.07217361
0.0959473,0.08998996,0.11314958,0.11983613
0.073178545,0.05402974,0.09081551,0.06622898
0.10685343,0.068256006,0.0745057,0.0506987
0.09682029,0.06615877,0.09358126,0.0595854
0.11093526,0.08798575,0.09982962,0.10497719
0.05950332,0.06156476,0.075721025,0.05482159
0.09374717,0.06194194,0.07606489,0.08644235
0.07604355,0.07202944,0.08659164,0.070266575
0.11412959,0.08381638,0.0723303,0.07689908
0.09854459,0.07539972,0.09274112,0.0576489
0.08434612,0.056523394,0.106844634,0.1013443
0.09231455,0.044812985,0.10112993,0.041441273
0.1030616,0.06666368,0.11009405,0.076563925
0.22764005,0.18206869,0.091830045,0.068820655
0.11067319,0.08906916,0.10719512,0.068597734
0.10423016,0.08141067,0.12632275,0.088107236
0.1071521,0.08233729,0.08705674,0.09754784
0.10152975,0.087132804,0.1572998,0.059870485
0.100578025,0.08994136,0.09357956,0.0839318
0.114246584,0.12090702,0.15565428,0.06831015
0.10929996,0.072426885,0.098587066,0.040158033
0.08825571,0.0972296,0.13084127,0.10096622
0.09828255,0.07683684,0.088095464,0.04409443
0.08417265,0.048966367,0.10758008,0.04138022
0.12950137,0.11104071,0.10640891,0.07448054
0.10195339,0.047741096,0.098476246,0.05818046
0.09711198,0.08230291,0.13424632,0.15870617
0.089807205,0.049586736,0.08881591,0.056520578
0.09584977,0.08301251,0.081553124,0.07218659
0.10761827,0.05808909,0.0954089,0.046432566
0.10611885,0.08448306,0.09421182,0.09650815
0.097726084,0.0690548,0.10340895,0.051772036
0.12352495,0.0540565,0.09189871,0.059429016
0.10866795,0.07280548,0.10168782,0.05347398
0.101538956,0.0818695,0.1056707,0.10285885
0.12124512,0.08097991,0.10036175,0.068113014
0.11298515,0.09280625,0.08476926,0.08639358
0.09543053,0.07655679,0.09629327,0.05591721
0.13825864,0.053866234,0.11468378,0.04651665
0.10840905,0.06157288,0.093420535,0.088648714
0.09695712,0.085060075,0.08161918,0.054486685
0.11246733,0.06384379,0.11873005,0.060289763
0.14189585,0.056640673,0.07904369,0.0852518
0.12045826,0.065517835,0.079693206,0.068641916
0.12325637,0.076493934,0.08048464,0.052654244
0.13573457,0.053999923,0.074176505,0.07317554
0.14428592,0.07426512,0.0924882,0.09105645
0.14369297,0.06717373,0.07907208,0.07370588
0.10477385,0.097295016,0.09036942,0.086054444
0.105184935,0.074143246,0.08135299,0.037876457
0.12697743,0.115078874,0.08921257,0.08080293
0.12592971,0.06252373,0.07724132,0.080858156
0.13179615,0.06021903,0.09566584,0.08333481
0.11816834,0.07153465,0.080812424,0.076907076
0.10852514,0.07299183,0.093753666,0.08884217
0.09397332,0.06974903,0.08464974,0.080639824
0.10496086,0.0866802,0.097674094,0.096626736
0.12954932,0.114568606,0.088724494,0.08816931
0.12318788,0.07913887,0.098440826,0.091506794
0.108831614,0.078576,0.08586701,0.07946637
0.11597131,0.056484867,0.09361226,0.089415565
0.11271648,0.07395072,0.0976147,0.085889384
0.11673523,0.070327625,0.09423653,0.09391643
0.1598154,0.09050805,0.09681421,0.08163362
0.13218799,0.06535416,0.10287082,0.09534993
0.10645017,0.06444877,0.09500079,0.08638116
0.13310584,0.057382826,0.109452784,0.10849586
0.1316027,0.056154322,0.12522617,0.093927234
0.11214663,0.05779098,0.100736625,0.101553686
0.10581892,0.06703664,0.08872593,0.08371824
0.10705489,0.05238136,0.11651717,0.09792334
0.11270821,0.05080597,0.14995523,0.11763809
0.11888624,0.14331175,0.12962765,0.08709629
0.086227275,0.06249118,0.13850084,0.10456313
0.11604175,0.099841595,0.106254146,0.08451681
0.108111806,0.041129563,0.09813742,0.08077032
0.121665284,0.04263943,0.11863295,0.09539441
0.14217894,0.09344217,0.10653222,0.08325024
0.11508945,0.04525182,0.11007324,0.10421815
0.13128358,0.036492772,0.10016726,0.05230145
0.11181835,0.091918275,0.101627,0.061213814
0.123904645,0.09541239,0.08665734,0.06816721
0.15722728,0.09647076,0.09685321,0.09614778
0.09838278,0.101158746,0.09768021,0.10511269
0.17313033,0.04914224,0.11752091,0.049286965
0.10307831,0.08551498,0.104697675,0.10595725
0.12798181,0.03675946,0.11453361,0.050193857
0.14655644,0.0928716,0.10038667,0.112405434
0.10103914,0.054598443,0.10095373,0.055511966
0.10782109,0.058144018,0.104541995,0.11501925
0.11996576,0.09468322,0.08269599,0.09955012
0.09273288,0.04718084,0.09149033,0.09739885
0.070981316,0.10007849,0.09041415,0.10085872
0.12742285,0.11931728,0.09487563,0.112992324
0.05980043,0.121518895,0.09141382,0.100295305
0.03869447,0.09397174,0.09399091,0.09680638
0.03706494,0.059597444,0.059190564,0.046545036
0.047089644,0.09465402,0.08918685,0.044609778
0.0747373,0.086589724,0.11562714,0.034900658
0.033371218,0.08634035,0.082512,0.041913763
0.089418486,0.09065298,0.11192452,0.04219439
0.033181995,0.10617374,0.08445341,0.046333477
0.07723431,0.09556463,0.14216256,0.05805188
0.045477275,0.13146828,0.08418046,0.052120797
0.080323294,0.096752316,0.08072141,0.044653926
0.044602394,0.074253656,0.08452136,0.060207047
0.02554873,0.036479447,0.04475867,0.034910236
0.036695786,0.042484816,0.08670022,0.10570538
0.12605412,0.14498737,0.12022123,0.08909552
0.09867214,0.11620206,0.10685118,0.103754796
0.09353588,0.11660044,0.088172734,0.08749407
0.033112295,0.025996195,0.11533621,0.048750754
0.100573726,0.14356814,0.10591449,0.11210704
0.043753646,0.027580956,0.115068786,0.0390833
0.10959396,0.094664976,0.09956991,0.0909738
0.03267464,0.050091982,0.07964912,0.036377586
0.025772113,0.03391885,0.05061298,0.042956907
0.034097154,0.038467985,0.08602673,0.121518075
0.056517113,0.0404637,0.051507596,0.09689708
0.11783749,0.12483128,0.079724126,0.09487262
0.12383394,0.11489677,0.10752132,0.10408057
0.10899908,0.101991,0.08392859,0.08799533
0.023992196,0.02995924,0.06921038,0.043904632
0.03989052,0.04875549,0.081516,0.061797984
0.0953979,0.12525004,0.10900098,0.08419288
0.03227574,0.03097716,0.087715015,0.05556327
0.10806683,0.112827085,0.0912506,0.08460094
0.03433922,0.04226432,0.08837572,0.043083612
0.115397975,0.08836663,0.09139469,0.09966109
0.10506993,0.09405985,0.089553155,0.09989011
0.16864917,0.11375939,0.11756555,0.09525797
0.11702432,0.028608602,0.120631084,0.100015014
0.11540065,0.10150304,0.12011746,0.08764757
0.13538375,0.11249569,0.12734956,0.09081592
0.12946624,0.025524111,0.100117624,0.10122428
0.18641499,0.026337137,0.11297254,0.07589744
0.095443636,0.0849895,0.13031088,0.09403231
0.1176185,0.088253655,0.10692056,0.099729516
0.09832273,0.12750678,0.10634161,0.0999348
0.12334925,0.10384019,0.107556425,0.045726474
0.11691506,0.07423268,0.09365737,0.10323774
0.10229567,0.14240718,0.11905635,0.05277321
0.09686766,0.051321734,0.09620807,0.09802812
0.09639561,0.0722884,0.10553908,0.086322695
0.12760904,0.033898834,0.10513381,0.10258204
0.050535925,0.05058771,0.115352124,0.051449437
0.13719806,0.078275524,0.09574124,0.096916825
0.11234712,0.08034572,0.1159348,0.11343962
0.13035521,0.03328042,0.10829816,0.09705853
0.13876456,0.030375885,0.117537946,0.10408281
0.09739004,0.089661725,0.13752607,0.04757729
0.11910735,0.11020125,0.12274238,0.11122483
0.1638845,0.04132465,0.11489937,0.09177019
0.12856413,0.038216677,0.12805694,0.120534666
0.09243712,0.13202828,0.11492128,0.09538811
0.11346538,0.10476425,0.1364039,0.14487836
0.14001046,0.049863726,0.08777845,0.09941585
0.11902264,0.10154385,0.096780635,0.09419074
0.08696881,0.08966959,0.10177688,0.105205454
0.10747247,0.10335101,0.05581998,0.06406976
0.0949741,0.099933505,0.10280528,0.11629735
0.10673521,0.105853766,0.049212832,0.050968967
0.09441099,0.09360893,0.10316394,0.11095477
0.10093553,0.102157936,0.049081165,0.058265887
0.09707048,0.033941235,0.106229015,0.11720802
0.038158216,0.050675273,0.05303017,0.09922428
0.032793403,0.04311742,0.08443579,0.09053108
0.20182848,0.1242388,0.101478666,0.08890134
0.03325613,0.032546617,0.07936183,0.096411474
0.08501805,0.11852297,0.10164344,0.08547227
0.1234221,0.11715375,0.09690819,0.12140266
0.09161906,0.115518,0.083989136,0.09318956
0.10973341,0.09817385,0.059274107,0.04447245
0.09477146,0.11507658,0.09717274,0.08773722
0.11244566,0.10550599,0.05570383,0.04207439
0.09767032,0.11615108,0.092724286,0.099170715
0.10005134,0.09398886,0.040401883,0.034149084
0.099651575,0.11704673,0.09537552,0.10977447
0.09828288,0.09330279,0.04510346,0.036267474
0.09584302,0.122911744,0.08589093,0.09994286
0.09928846,0.088750094,0.053224526,0.04134348
0.09887559,0.12399581,0.09587871,0.08916948
0.10867141,0.09913182,0.050710406,0.044108436
0.09680501,0.113634065,0.09421552,0.10271519
0.09962424,0.09201473,0.039314542,0.037514046
0.10336576,0.11344355,0.085953504,0.09487259
0.09827982,0.0938099,0.0389549,0.031504147
0.09627993,0.11971909,0.098877184,0.09444902
0.11424298,0.097566694,0.046233233,0.03489872
0.09991106,0.1201753,0.09636441,0.09110905
0.103698626,0.09591665,0.040514443,0.03562956
0.096174434,0.10630146,0.09537422,0.098568924
0.10316219,0.099695764,0.04364723,0.038586363
0.10337686,0.12284273,0.096486956,0.10614298
0.101729006,0.10025176,0.04238674,0.03717495
0.10367663,0.12139152,0.09333162,0.114244394
0.09716431,0.09379717,0.038010582,0.033856906
0.102956355,0.12412627,0.10091926,0.09954701
0.104840316,0.09404244,0.042833544,0.035557915
0.117391154,0.14075407,0.09446252,0.09812718
0.102971844,0.10778995,0.034266695,0.04127162
0.02715613,0.024177965,0.09861829,0.11880061
0.041245684,0.03194587,0.112021066,0.09795155
0.14748847,0.13252631,0.090160914,0.09036705
0.13581419,0.11325465,0.07896635,0.102728166
0.09717557,0.05183536,0.09538171,0.10808812
0.08006205,0.13030241,0.078104906,0.10162321
0.024697147,0.020030826,0.09743647,0.10842986
0.042048253,0.030940667,0.08647662,0.08878609
0.1312857,0.026074544,0.09041464,0.035238806
0.03253389,0.025100354,0.08907168,0.09223924
0.08867551,0.028306093,0.11524525,0.037706435
0.16466157,0.117642514,0.089022346,0.08699958
0.043415867,0.040316,0.113981985,0.09174185
0.14360508,0.13488367,0.09684216,0.10498538
0.03345454,0.129398,0.113094434,0.09248965
0.035590738,0.039577242,0.08384554,0.110962555
0.041231774,0.04447012,0.092331216,0.1001076
0.04518566,0.104438365,0.09195241,0.09488865
0.04835487,0.026818095,0.083008006,0.03482642
0.039185815,0.11558466,0.106702656,0.096034795
0.03951569,0.021593984,0.09808732,0.038297825
0.037431046,0.10308332,0.09881914,0.09265274
0.038825322,0.023975696,0.08530199,0.04932347
0.034580372,0.10457993,0.09374627,0.08503938
0.044484507,0.02804121,0.1229399,0.04935114
0.036145445,0.11043472,0.10016709,0.09999632
0.035169426,0.024101716,0.08298503,0.037817467
0.03133581,0.10673735,0.096247576,0.09345719
0.031592555,0.01929097,0.097409904,0.05839835
0.031068606,0.10640076,0.090139315,0.08439694
0.04691132,0.023767173,0.09697893,0.036916994
0.03601246,0.109478466,0.093536355,0.096574865
0.032584388,0.023875603,0.08672728,0.046300896
0.03134243,0.10459801,0.08978326,0.08934526
0.03537208,0.024253236,0.094320506,0.045734644
0.029044967,0.102142334,0.086677834,0.084904484
0.032993063,0.024009848,0.092306145,0.042016268
0.027414154,0.1100544,0.10251998,0.10586319
0.030660752,0.021835098,0.13157174,0.071036644
0.029151564,0.108156666,0.10728112,0.08749703
0.044195145,0.026276052,0.07115746,0.054086175
0.030199278,0.10441151,0.08937816,0.083934575
0.029628757,0.01919513,0.05539308,0.050693028
0.02619754,0.10421492,0.11034191,0.084988736
0.16716217,0.1374514,0.10512586,0.08279457
0.052864484,0.029819213,0.121376425,0.119202726
0.15656483,0.102192454,0.15648498,0.12267861
0.13286355,0.13583665,0.16015881,0.0898963
0.123899624,0.106081136,0.096024856,0.09260878
0.14823548,0.112377316,0.088291064,0.085893705
0.12568438,0.03519477,0.07128087,0.0399978
0.11953899,0.024585009,0.096688814,0.082925715
0.12718803,0.026250176,0.07815684,0.0898775
0.08587255,0.10108781,0.118573196,0.041346136
0.11676185,0.10818958,0.08795157,0.09606929
0.09053628,0.10748152,0.1001793,0.10737097
0.117967546,0.107966125,0.0810996,0.107408814
0.08397558,0.10180493,0.10465107,0.10435381
0.1096566,0.025800137,0.08673136,0.06830259
0.088727266,0.10122427,0.09143622,0.1049733
0.115713514,0.028602429,0.075026825,0.06722769
0.09069537,0.10636111,0.108043216,0.10041523
0.1116072,0.10273348,0.084877566,0.027032057
0.09554284,0.08909879,0.09755397,0.09492014
0.11275073,0.117705844,0.09453596,0.0835857
0.099529214,0.09446263,0.09186091,0.09275898
0.10408357,0.10888954,0.079815835,0.032851163
0.09039443,0.10109466,0.10898317,0.106736444
0.11114138,0.10415233,0.082690515,0.027848806
0.096788764,0.088460565,0.099168584,0.0962782
0.11465563,0.120256916,0.09915365,0.083459266
0.0992676,0.09120691,0.100860685,0.09582276
0.10821101,0.12130211,0.08507235,0.076375246
0.099160805,0.094753675,0.098250195,0.0942226
0.12302156,0.11465121,0.089001566,0.0773562
0.1058858,0.0886191,0.08938522,0.10119175
0.120824784,0.114455424,0.087570325,0.07850356
0.097663864,0.08372204,0.09313617,0.10110488
0.12751997,0.11856761,0.09574781,0.07865158
0.09940382,0.09002192,0.10619755,0.10209345
0.11244944,0.11571808,0.12583065,0.08246362
0.1701687,0.16976698,0.10809856,0.074726634
0.119275,0.107304506,0.11198932,0.08850379
0.09850512,0.08999778,0.12611307,0.10708924
0.182774,0.12533423,0.13448636,0.09066017
0.114970624,0.111278586,0.10683342,0.10802854
0.08542221,0.11070304,0.067795485,0.09259647
0.09764748,0.09071373,0.11979437,0.094356015
0.058124304,0.10838898,0.07159998,0.11764947
0.114648506,0.09029745,0.1065019,0.075342916
0.047562048,0.11413475,0.0488667,0.08004824
0.0998462,0.09276651,0.13348895,0.10314177
0.036234833,0.11343241,0.03691433,0.089425296
0.09600556,0.08907661,0.06557313,0.12104719
0.10017602,0.11730404,0.08231389,0.083878696
0.10001897,0.09324676,0.08569425,0.10000417
0.108480275,0.1279081,0.11475667,0.077232994
0.10821169,0.08609728,0.098357365,0.11617372
0.11795679,0.11717895,0.09344077,0.075157404
0.10455432,0.086128205,0.09308435,0.111924864
0.11641022,0.13505688,0.10681763,0.08138288
0.10462999,0.09253654,0.102632985,0.09688611
0.1111328,0.07787315,0.0928789,0.072988585
0.102555364,0.080879785,0.097363934,0.12260957
0.11343105,0.058007203,0.09249774,0.073730424
0.105938025,0.08985955,0.10665063,0.12731066
0.118834965,0.043215007,0.09951911,0.0733943
0.104112245,0.08626084,0.09269515,0.1145068
0.11260879,0.04305488,0.091934286,0.07352748
0.09956586,0.08002676,0.0978038,0.11673396
0.11435555,0.03520468,0.09113417,0.07328464
0.10043258,0.08727752,0.098672315,0.106679715
0.11954848,0.032969605,0.09086904,0.07588602
0.106579855,0.087034225,0.09479308,0.10639174
0.12679386,0.035341106,0.0936262,0.07817414
0.10478015,0.08434567,0.10091431,0.12226218
0.11203365,0.038590502,0.08957696,0.07566553
0.098815486,0.082210496,0.09908903,0.11107619
0.11584788,0.028745914,0.09865321,0.07789331
0.10000666,0.09167701,0.09767762,0.10636125
0.11369302,0.03186101,0.1015093,0.07880956
0.10334972,0.08193158,0.10042523,0.119071774
0.120632544,0.030056903,0.10911805,0.083438456
0.10193432,0.08222477,0.09296128,0.11129519
0.11180269,0.031034429,0.09957755,0.077602744
0.103160165,0.08894382,0.10296025,0.10262258
0.11204678,0.08574231,0.10994413,0.075398855
0.10283018,0.09506434,0.08908642,0.10568973
0.12165548,0.0864295,0.11001972,0.07631461
0.104959056,0.0877785,0.09266133,0.11008256
0.11087014,0.08907241,0.11412389,0.08019994
0.029770283,0.02332978,0.08714691,0.088133
0.12734927,0.13054651,0.12890378,0.078269586
0.103916824,0.08875033,0.090353675,0.069521084
0.10845413,0.08316302,0.09405553,0.07655416
0.09946723,0.09400054,0.09024221,0.1046092
0.110228784,0.088009484,0.11090472,0.0771878
0.023892783,0.0219475,0.08554442,0.095306665
0.13421404,0.12169889,0.12498908,0.089908
0.02663932,0.024200672,0.10821577,0.069057
0.112770766,0.14329258,0.12819475,0.07697878
0.028293077,0.02607532,0.114120334,0.07341559
0.123512015,0.09119747,0.12021895,0.08210756
0.12379875,0.0894034,0.106071465,0.06895496
0.020477505,0.10932841,0.02596173,0.093067065
0.103106715,0.089889295,0.022546427,0.0942263
0.115132324,0.10387845,0.086086646,0.08297472
0.100369155,0.09070698,0.022829475,0.090233795
0.104701415,0.10164383,0.09689456,0.08536837
0.10375913,0.0906724,0.022922868,0.09068439
0.108826436,0.097018614,0.08573094,0.07921648
0.09910181,0.08926553,0.024942134,0.09154079
0.116793856,0.100639775,0.11549029,0.095407344
0.09980814,0.08904735,0.020936362,0.08889808
0.12859206,0.103507385,0.09599524,0.08508651
0.100402884,0.09067834,0.025314571,0.093425244
0.106533,0.0998882,0.085861854,0.08478424
0.10042566,0.097404204,0.021721262,0.09346618
0.10933663,0.1034969,0.086296834,0.0821352
0.09844853,0.09156091,0.022667734,0.0881265
0.1293535,0.11236536,0.084065005,0.086378984
0.09886054,0.08997432,0.02860883,0.09836482
0.13948719,0.10838452,0.088981524,0.08143684
0.11399229,0.11806226,0.022881702,0.09351174
0.09562423,0.11757073,0.09217793,0.09183023
0.10902049,0.086866945,0.11142796,0.11481695
0.10605972,0.08572453,0.11325218,0.07568139
0.02078936,0.020032749,0.10106388,0.07529173
0.11575936,0.037260145,0.10735474,0.07329721
0.13165799,0.09037969,0.113011256,0.07665001
0.020463314,0.11185079,0.023887414,0.081719555
0.096907526,0.09131096,0.021408692,0.090410806
0.04403681,0.11673874,0.09178601,0.08737315
0.097202025,0.090112075,0.096320614,0.11281416
0.09932182,0.085550666,0.10340117,0.07608406
0.022324853,0.017811624,0.09798367,0.07036567
0.11967045,0.029198295,0.11442465,0.081139185
0.1271955,0.08844015,0.11401627,0.06917815
0.020396398,0.11290128,0.022338474,0.088610776
0.096588485,0.09556626,0.022761036,0.098817065
0.03174612,0.1134329,0.096773684,0.086208254
0.102041006,0.101158656,0.08691664,0.1126934
0.09872822,0.08515594,0.10033944,0.07627173
0.019855782,0.017394584,0.09789542,0.07425457
0.11941802,0.028465502,0.11106152,0.08200085
0.1579246,0.08864832,0.112905666,0.06897564
0.022640273,0.12259491,0.019503474,0.08578695
0.10762274,0.10693668,0.023362866,0.094492964
0.029653426,0.10164937,0.08714835,0.085533984
0.101937935,0.09925791,0.08992835,0.11710705
0.09888339,0.086507455,0.10026887,0.07663642
0.020921428,0.015596803,0.102552496,0.07674366
0.111416176,0.032052837,0.11854938,0.07838577
0.12866232,0.13327254,0.097139485,0.1346135
0.1360666,0.17592567,0.16692017,0.12822738
0.14014429,0.12280959,0.10487269,0.06997748
0.11839144,0.02599147,0.07687977,0.0671642
0.040015765,0.09318748,0.08382052,0.06983769
0.027453896,0.11055497,0.102663115,0.088278234
0.10922773,0.108455025,0.14010558,0.12237503
0.031569526,0.109968044,0.09141528,0.09954699
0.11632851,0.11588093,0.089633085,0.102727525
0.09726162,0.086548395,0.07427781,0.08510212
0.10363543,0.102307215,0.047312163,0.11369577
0.09891558,0.08340214,0.07872159,0.08477564
0.10861236,0.11391345,0.038483966,0.1112753
0.09926511,0.0873202,0.079319626,0.08210687
0.109383486,0.11947414,0.037785307,0.10832783
0.10054171,0.088203244,0.07699649,0.08860196
0.10827618,0.11133897,0.039313264,0.10816355
0.10655476,0.08818891,0.082162455,0.08549613
0.10869344,0.11598241,0.035765644,0.11320871
0.10051408,0.0868901,0.07367456,0.08283721
0.11323383,0.13951083,0.03298589,0.11262758
0.100187235,0.08538885,0.07806123,0.095731534
0.13294911,0.088746905,0.03511448,0.111016415
0.09847674,0.08692263,0.0746475,0.09203707
0.116924725,0.053300206,0.030702628,0.11465768
0.099908635,0.083588295,0.07829128,0.08350324
0.11171594,0.04621444,0.03752566,0.11562307
0.09914526,0.085287735,0.07412819,0.094089165
0.109737694,0.036393404,0.03773483,0.108805686
0.09756948,0.08894868,0.07740505,0.09340709
0.111597344,0.032817487,0.034625623,0.11512488
0.099220514,0.08550605,0.08257873,0.099119574
0.110259324,0.029954566,0.03415353,0.10942431
0.10040792,0.08605576,0.07837348,0.09550051
0.11002488,0.032384112,0.03155427,0.1153941
0.09947033,0.08652146,0.07455265,0.08850167
0.1120887,0.028466543,0.03244539,0.11823896
0.096879244,0.08573702,0.076224595,0.0930475
0.111037225,0.02482459,0.026304696,0.10660288
0.10022756,0.08831778,0.0818642,0.117537566
0.10817863,0.090100795,0.09478097,0.07695153
0.09694786,0.08260995,0.074722566,0.09428633
0.10499602,0.024346929,0.027128551,0.11005393
0.09728266,0.08708502,0.07682567,0.097973265
0.10847317,0.09156686,0.09334495,0.07357585
0.09718951,0.08512628,0.07429858,0.09846087
0.10933861,0.09155799,0.097237095,0.07327111
0.101763465,0.08787027,0.077479854,0.09943654
0.11044594,0.024330668,0.027279146,0.11244787
0.096242435,0.08933127,0.07742749,0.09383792
0.10890311,0.019847017,0.023760282,0.111794196
0.09668456,0.08682686,0.07585423,0.10590537
0.103743754,0.088490546,0.103301324,0.076754294
0.09955611,0.083312735,0.07529989,0.09418409
0.10648034,0.022331042,0.026770126,0.1093158
0.09935798,0.08202514,0.07370083,0.0922426
0.10516419,0.025500664,0.028401121,0.119684905
0.09753069,0.08788269,0.07691024,0.10048674
0.10339373,0.09000418,0.09988675,0.07500173
0.100496,0.088070005,0.074441515,0.10124599
0.10574067,0.09286594,0.09872674,0.07956822
0.110315956,0.088500164,0.0780761,0.10814196
0.10325896,0.023309633,0.031603783,0.104533955
0.102980584,0.084049754,0.07580895,0.094529696
0.105492026,0.018995803,0.026246067,0.117562875
0.1029133,0.08746195,0.07938372,0.10102657
0.107881635,0.01938376,0.02639716,0.113509625
0.10256742,0.08705344,0.07626572,0.09582549
0.10453351,0.017197587,0.021635227,0.11160913
0.09846755,0.084129035,0.07745743,0.10528371
0.13476843,0.09989356,0.100895636,0.0764402
0.09705339,0.100509316,0.07751272,0.094718836
0.107978724,0.06785539,0.09768043,0.17631996
0.10479574,0.015223201,0.10464063,0.118564315
0.1154716,0.1004099,0.11987493,0.15264876
0.098833606,0.12472752,0.10284265,0.090046264
0.090093456,0.01593117,0.07095033,0.07778432
0.1017571,0.08669384,0.09724961,0.017258804
0.107720554,0.09525787,0.10731615,0.11565153
0.1036799,0.08445065,0.09377462,0.02861906
0.10900423,0.0962902,0.09682686,0.093556
0.10071803,0.014631633,0.09244326,0.09933449
0.10674459,0.072010964,0.106655285,0.042516652
0.09980666,0.09222606,0.08932243,0.08192578
0.10635309,0.018979931,0.02458375,0.10669723
0.09634076,0.08986441,0.08655594,0.08556436
0.10237926,0.023131473,0.020046726,0.09963091
0.09666872,0.08664868,0.09769554,0.07898192
0.016949248,0.013848656,0.08274402,0.06372805
0.1205515,0.021348454,0.11641757,0.06290567
0.020541018,0.089316815,0.109076716,0.06985983
0.12491502,0.10005664,0.093969,0.07237363
0.12040776,0.09337008,0.10879033,0.065492034
0.11299517,0.10411348,0.10101723,0.08947951
0.10683736,0.10686114,0.15238976,0.09636953
0.13131995,0.098279744,0.116876125,0.08538416
0.10541855,0.10914589,0.11564969,0.03228462
0.13406979,0.019480867,0.11555418,0.09472462
0.10439173,0.10119023,0.12708472,0.08027096
0.13945776,0.012379,0.13292533,0.038974814
0.091141164,0.102636695,0.13058612,0.081639774
0.10933511,0.10590722,0.12733206,0.09506565
0.14135347,0.13068204,0.18275951,0.11137092
0.13034129,0.12434204,0.16577557,0.12928402
0.20770192,0.24151851,0.09645449,0.09892973
0.13329998,0.12989797,0.09144395,0.16849267
0.1230987,0.11234382,0.11731249,0.07957791
0.14622137,0.13189456,0.07363063,0.075223066
0.1512934,0.15772727,0.10961438,0.12481088
0.11432712,0.11509776,0.15236165,0.118409276
0.08527577,0.11316039,0.10216838,0.11005694
0.1773457,0.11709966,0.10821452,0.12947394
0.09859647,0.09712324,0.14048971,0.12579677
0.113679074,0.10404556,0.10634472,0.12220243
0.053286117,0.05732598,0.107924595,0.12288253
0.041821912,0.12882127,0.03986434,0.038372427
0.033705372,0.114279665,0.040407915,0.13638547
0.12162032,0.12883721,0.124061465,0.07951003
0.11755319,0.11603577,0.12907296,0.08973973
0.10699026,0.124661416,0.11892487,0.07800074
0.11928086,0.117690705,0.13176318,0.08848923
0.11664777,0.13016042,0.12811811,0.084741786
0.11632279,0.11765648,0.13220218,0.09137345
0.11495046,0.123576924,0.12665221,0.07646367
0.14014067,0.1246725,0.15689681,0.10265268
0.14972547,0.13630368,0.21352091,0.21264347
0.16377275,0.14442839,0.08038372,0.08162029
0.20226929,0.13708538,0.06691395,0.08142377
0.14423245,0.11504846,0.07447113,0.100890756
0.15388207,0.140776,0.08427034,0.122842744
0.13637146,0.11716863,0.09250361,0.12951748
0.12878384,0.09134271,0.14098102,0.12895471
0.14412504,0.026235174,0.10569236,0.030011691
0.13740763,0.026172988,0.115250245,0.03130292
0.11672467,0.10291632,0.13173236,0.04660241
0.17086872,0.109891035,0.12355297,0.11958322
0.14059114,0.105029516,0.15381159,0.13276465
0.15477704,0.13303822,0.13103046,0.13361923
0.15810174,0.10391146,0.14954914,0.15196419
0.08994183,0.12844414,0.13996321,0.119274855
0.17620103,0.120182015,0.13445807,0.0915431
0.12653616,0.14101925,0.1342483,0.11482237
0.07736038,0.12215918,0.09488912,0.070221156
0.13331467,0.1315654,0.13741237,0.122166544
0.13790767,0.0373692,0.13937476,0.10164729
0.1999449,0.14877427,0.14023754,0.09661945
0.16167715,0.13489541,0.1477545,0.11206183
0.1725071,0.038031366,0.16209161,0.12104026
0.15596323,0.10636166,0.15283827,0.04258136
0.120515704,0.042425226,0.13975304,0.13859393
0.14639418,0.044310298,0.13460204,0.1467284
0.16797817,0.16773003,0.1399113,0.13129415
0.14749818,0.04049675,0.12650901,0.115288265
0.13907577,0.11928186,0.13399184,0.14002915
0.0845841,0.037626695,0.12654224,0.10334431
0.13906342,0.15554377,0.1304646,0.14111307
0.066554464,0.034864888,0.12963478,0.0959312
0.14198968,0.104112625,0.12651962,0.14052159
0.14462262,0.13459723,0.120612115,0.12215856
0.15691708,0.11472194,0.13966288,0.1490401
0.1586168,0.10303389,0.14543627,0.17291702
0.1203252,0.117624074,0.12997632,0.1189353
0.1392707,0.04437446,0.13248795,0.050727803
0.121300265,0.043928515,0.14384925,0.044473927
0.14562383,0.12383946,0.13095161,0.13501662
0.12838663,0.116001315,0.13318765,0.13809116
0.1455955,0.13288268,0.13158001,0.13602398
0.12998286,0.115657255,0.14273894,0.14529265
0.15269881,0.12675244,0.13339052,0.13909702
0.13512482,0.11632556,0.13262151,0.14016396
0.092229806,0.13117939,0.13182782,0.13519196
0.18102342,0.14732906,0.13039608,0.13012806
0.07016729,0.12076075,0.13574836,0.13874081
0.09851441,0.13596152,0.12741902,0.13331981
0.13142131,0.033764653,0.1238475,0.05951991
0.12210404,0.030081237,0.13599749,0.029775951
0.054267637,0.12963085,0.14047709,0.14287385
0.06979342,0.13346785,0.12528923,0.13316892
0.13358465,0.030904626,0.124769874,0.057167664
0.12514725,0.037742037,0.13647643,0.030160256
0.043823507,0.12733117,0.13722289,0.14218321
0.057192363,0.13632724,0.12773934,0.128428
0.13949892,0.03825686,0.12455842,0.06015106
0.124660335,0.032866318,0.13268471,0.03103597
0.042364135,0.12941214,0.13373895,0.14113271
0.048496954,0.13781825,0.13002284,0.1273979
0.13837957,0.03064399,0.12261927,0.059741944
0.12496281,0.030653004,0.13417107,0.030436432
0.045442432,0.12426568,0.13210757,0.13811705
0.043779068,0.13568932,0.13439955,0.13330272
0.13162509,0.026670525,0.12533355,0.06186599
0.12271322,0.03539561,0.1336128,0.027469186
0.037303876,0.12698178,0.128774,0.13439767
0.043720927,0.13644353,0.13075466,0.13167574
0.13332736,0.031941902,0.12235342,0.06282693
0.12803534,0.03152301,0.1341232,0.026683794
0.038446497,0.12997164,0.13386337,0.14010341
0.045170676,0.13393831,0.12734348,0.12884465
0.13470145,0.0297334,0.12659423,0.06539203
0.12573397,0.03183553,0.13264841,0.026398359
0.039847307,0.13083686,0.13882193,0.13980208
0.04113741,0.14036265,0.13042283,0.12796235
0.13511072,0.026053606,0.1282178,0.06639822
0.12107164,0.03414764,0.13226517,0.025719112
0.035793036,0.12569167,0.14042252,0.14606728
0.042383563,0.13787736,0.1307179,0.12714896
0.13478322,0.025400553,0.12848307,0.067752786
0.11998509,0.030167563,0.1303342,0.026799986
0.0321768,0.134663,0.13165997,0.13788506
0.03815795,0.13896419,0.12889858,0.12628415
0.1345154,0.029939175,0.116816744,0.0640599
0.12774193,0.026684105,0.13330404,0.02222704
0.03297946,0.13570844,0.1292789,0.13417569
0.122130215,0.027231263,0.13189843,0.025609767
0.033258315,0.134283,0.12843364,0.13352686
0.124696285,0.028957907,0.13273224,0.02331944
0.030281072,0.13495253,0.13815843,0.1369405
0.14254022,0.025663197,0.13664219,0.14035775
0.1280075,0.09499906,0.13709725,0.1264942
0.12944144,0.13711521,0.13975538,0.12805167
0.19784889,0.22454657,0.11622156,0.089961044
0.12999563,0.15347125,0.15854591,0.17697106
0.1508318,0.18460461,0.09424987,0.09263027
0.14277199,0.030716615,0.11877078,0.12041805
0.116623394,0.09226298,0.13478434,0.12439872
0.12429859,0.07805991,0.07304532,0.06805582
0.106071055,0.15297842,0.14242809,0.115913235
0.1276191,0.117928386,0.146637,0.13153955
0.10547039,0.09004892,0.13665605,0.111473285
0.13479555,0.13819738,0.12922838,0.09681517
0.10671125,0.06515436,0.1410765,0.11298752
0.12863758,0.14580557,0.12962103,0.09335533
0.10632745,0.05773058,0.13525447,0.11205539
0.13070764,0.13665542,0.12686712,0.09355579
0.11077642,0.052126613,0.13827209,0.11323601
0.12673672,0.14253965,0.14054729,0.10054472
0.11089212,0.04920628,0.14886361,0.11913103
0.13151562,0.13939479,0.13682127,0.09943065
0.10947269,0.0462516,0.1364183,0.10934238
0.12700759,0.14052342,0.12606017,0.09288906
0.108895876,0.04781393,0.1304625,0.10722818
0.12716836,0.1386468,0.13003594,0.09462203
0.11015499,0.046415295,0.1338801,0.11053078
0.13064688,0.139849,0.1362305,0.10043238
0.103783764,0.04410056,0.1406678,0.112624384
0.13366795,0.13694271,0.13862078,0.101575576
0.13353579,0.16285026,0.113532014,0.08752125
0.13130541,0.14549446,0.13262528,0.097059466
0.121327154,0.043502424,0.1487621,0.11338644
0.14340478,0.14018917,0.12976813,0.09385144
0.11895185,0.1371263,0.14413095,0.10669012
0.14147645,0.030640617,0.13207825,0.102293715
0.12651101,0.024055386,0.14576815,0.11061561
0.13861097,0.14163253,0.13021705,0.11500881
0.14560445,0.03082091,0.1523125,0.12042966
0.15584777,0.15069002,0.12749909,0.12120267
0.14665186,0.17030852,0.1398271,0.14271633
0.15167415,0.13107851,0.13793612,0.13878217
0.14569958,0.11950362,0.15682508,0.16041395
0.13448852,0.13029438,0.15290979,0.13528399
0.11415216,0.07084322,0.13749975,0.15781862
0.058998138,0.12667623,0.1214465,0.12099564
0.11995141,0.07899737,0.13874578,0.10900945
0.05602132,0.12772834,0.1484725,0.119920224
0.17811348,0.13510296,0.105750136,0.10367793
0.11435561,0.11835891,0.11582331,0.025748579
0.121772304,0.04656571,0.13187242,0.06850381
0.11907192,0.11810781,0.13355674,0.024128426
0.13500853,0.030026298,0.09064509,0.11169308
0.11673394,0.112978354,0.113218725,0.14522853
0.13600972,0.03505817,0.0807762,0.09863578
0.12433112,0.11175347,0.100551374,0.13388659
0.12781669,0.030439217,0.08563922,0.10930181
0.12372707,0.113656186,0.108676225,0.13938569
0.13488726,0.031487726,0.08400856,0.103352025
0.12261848,0.11019,0.10857381,0.125102
0.124654494,0.032898765,0.0806822,0.099391185
0.12077575,0.10997959,0.09746688,0.13257523
0.12913547,0.032263238,0.08533609,0.10476559
0.12462967,0.11472794,0.1032928,0.13151394
0.13437487,0.028771544,0.08039996,0.1020921
0.12297824,0.111577556,0.10679531,0.13811417
0.12868492,0.03040126,0.078494765,0.10113792
0.11837152,0.11464544,0.09397965,0.12848644
0.12305618,0.026918959,0.08652967,0.10038921
0.12659658,0.11050828,0.13434303,0.13311145
0.16132,0.12322669,0.075894594,0.117775954
0.14435808,0.12460891,0.09377226,0.13401769
0.14891303,0.12670015,0.10533916,0.13519463
0.16642644,0.15046234,0.12368572,0.13720094
0.17160349,0.17119397,0.12924105,0.038427442
0.1170412,0.11578581,0.12419504,0.15162988
0.14865504,0.11386595,0.10906913,0.13358659
0.09497465,0.10684911,0.16327411,0.1544182
0.14781465,0.13102904,0.08202396,0.10854605
0.0948706,0.10459961,0.09706983,0.12841257
0.15816082,0.135442,0.085314155,0.10741567
0.09572736,0.10491561,0.08478032,0.11339737
0.103165954,0.11202964,0.081180364,0.09965666
0.08714066,0.1136644,0.0539997,0.12374145
0.09700219,0.10154776,0.09902682,0.13600713
0.123648405,0.081603535,0.08181137,0.12675999
0.10855715,0.14850712,0.0657261,0.09593923
0.12403494,0.1235486,0.07889391,0.13117425
0.044180848,0.14267634,0.0687767,0.101479754
0.1252756,0.12617385,0.0757124,0.14233862
0.12333096,0.02910343,0.06933565,0.10322113
0.12300725,0.1270108,0.072230905,0.14670518
0.11940656,0.025814835,0.06789656,0.10396126
0.124202885,0.13566287,0.07787351,0.15151529
0.120468155,0.021888813,0.073380604,0.10459463
0.13292408,0.13392507,0.08174571,0.14725143
0.12068625,0.021101326,0.07239851,0.1075844
0.13029148,0.13756183,0.07865494,0.14873356
0.11658723,0.02750034,0.07254903,0.10328301
0.1237891,0.12648489,0.084224515,0.14793676
0.12555788,0.022964414,0.07337953,0.10554647
0.1221528,0.12319413,0.081806,0.14228779
0.11807097,0.021508671,0.07219247,0.10424285
0.12043479,0.13222107,0.07759895,0.14871621
0.11774397,0.02485658,0.06849327,0.100214794
0.12191288,0.12499534,0.079615876,0.15306896
0.12886773,0.02651097,0.08013533,0.11036382
0.13260825,0.13768129,0.08007032,0.15526552
0.1284373,0.028087461,0.07429078,0.10850678
0.12704939,0.12899356,0.08262556,0.16240644
0.12705141,0.026514383,0.097842626,0.10545001
0.119638726,0.12432097,0.08042407,0.09776026
0.10597606,0.0995889,0.12460001,0.12320155
0.11884129,0.12407716,0.088235304,0.07499747
0.10975284,0.10340324,0.110784255,0.11592724
0.12938577,0.13060033,0.10053254,0.023165746
0.10296126,0.021192245,0.13410962,0.024930747
0.12615809,0.11661284,0.123680875,0.023341054
0.11422518,0.10682699,0.118848756,0.11430312
0.12037821,0.12773186,0.08166762,0.050015863
0.10950367,0.10294455,0.12774691,0.12187535
0.12427099,0.1260845,0.09366169,0.04835045
0.114507176,0.106358215,0.111638874,0.13021289
0.1284275,0.11814061,0.10687025,0.017906282
0.10877825,0.10143036,0.12366333,0.12755255
0.127559,0.12097428,0.11298613,0.018513419
0.11172964,0.10558404,0.11323866,0.1215464
0.13271783,0.1213964,0.11937438,0.021488622
0.109552935,0.10297202,0.13913848,0.12501663
0.12749457,0.1318876,0.08684201,0.036553845
0.10914015,0.1032237,0.11284306,0.12380527
0.121395506,0.11853162,0.10650312,0.023838269
0.10602616,0.10067816,0.13000298,0.13144848
0.12347982,0.12537545,0.10853776,0.020837225
0.10127221,0.01937587,0.13154829,0.030549604
0.13514878,0.12564129,0.11760241,0.01890931
0.106362656,0.10411303,0.14015076,0.11309366
0.1295677,0.13371798,0.09408991,0.034889832
0.106145486,0.10070157,0.12870347,0.1183486
0.12000099,0.12976305,0.09013417,0.03369847
0.1080891,0.10255797,0.14358082,0.11238134
0.12271405,0.12492444,0.094498865,0.031857256
0.10744433,0.1021201,0.12958637,0.118420616
0.12949416,0.13171579,0.08908823,0.034181755
0.10755234,0.10200878,0.12316373,0.12344795
0.12927379,0.118184194,0.122243784,0.025787346
0.10776454,0.101199806,0.12957224,0.12324392
0.128268,0.13000768,0.084446646,0.029660508
0.1103208,0.10643024,0.12308767,0.1153632
0.12370931,0.12069373,0.10464361,0.028508078
0.10899511,0.09837776,0.1146504,0.14801681
0.12324844,0.13197428,0.093504205,0.03433881
0.106619254,0.10079687,0.12428188,0.114788555
0.12448332,0.11803119,0.095873915,0.02733145
0.11942388,0.09723952,0.10524559,0.12701882
0.12822093,0.12281948,0.091080025,0.02462666
0.11066955,0.096105814,0.10493443,0.12224923
0.13220619,0.12109802,0.101447515,0.025862858
0.10865064,0.09500408,0.10109733,0.12951046
0.12567063,0.13255283,0.087374404,0.028431678
0.114510864,0.1076505,0.113519445,0.12458308
0.12938549,0.12341974,0.11417718,0.018808715
0.10622307,0.101911604,0.13767944,0.119136214
0.1393173,0.13173628,0.08516525,0.028597817
0.12044199,0.10226345,0.09335123,0.13231593
0.13367201,0.118825614,0.09259842,0.025314832
0.11806982,0.09557411,0.1085055,0.13157614
0.14320263,0.13126433,0.08849814,0.027578559
0.12137449,0.0957161,0.09663981,0.13127872
0.1310998,0.12643807,0.08597867,0.02505152
0.11648746,0.09749478,0.096271835,0.13724801
0.1245522,0.12079986,0.095794946,0.022257417
0.11784591,0.09558426,0.10432376,0.12475193
0.13017973,0.1274531,0.08769924,0.023131013
0.11276313,0.09094227,0.1167081,0.1349354
0.12631708,0.121565394,0.09298809,0.023239745
0.11269684,0.10392176,0.08609822,0.1426264
0.12500267,0.11984627,0.09474168,0.028657181
0.10977037,0.09876546,0.10292401,0.12705857
0.13579035,0.13440637,0.08793517,0.02959099
0.11844532,0.097088836,0.100787,0.13765603
0.13042253,0.12464213,0.087842554,0.02153315
0.11382976,0.098767385,0.09365458,0.13666564
0.12603164,0.12828736,0.091378175,0.022026591
0.10865641,0.10443399,0.1380015,0.12335802
0.13835903,0.13104294,0.09247676,0.023720892
0.10914377,0.099372804,0.09807463,0.12872195
0.13092393,0.12693618,0.08745979,0.021326564
0.11534513,0.093284346,0.09887519,0.13635135
0.13728717,0.13896301,0.09091644,0.020498134
0.10981572,0.10369648,0.11974508,0.13116224
0.13438222,0.11989042,0.11562549,0.015636202
0.10725166,0.09943136,0.14086592,0.13214983
0.14073008,0.12528391,0.09128517,0.018956752
0.11602777,0.100789174,0.094242096,0.12202007
0.14462228,0.12258977,0.09064832,0.017952854
0.12035086,0.098118864,0.116176605,0.13445072
0.1319521,0.12874526,0.09970772,0.021256207
0.116748415,0.10066238,0.09867095,0.1328292
0.13026613,0.12444882,0.09524832,0.020302374
0.12625493,0.100704454,0.10176235,0.13394699
0.17195947,0.14316513,0.07696367,0.021473762
0.11116625,0.10382287,0.08930846,0.13475549
0.1259353,0.13192716,0.080404654,0.019417694
0.10837102,0.10325453,0.11739616,0.12162937
0.11056213,0.11451896,0.11059645,0.019516815
0.10432019,0.016983,0.14412217,0.017960258
0.11252474,0.11624421,0.13371669,0.01827345
0.12754133,0.020594606,0.07890892,0.114737496
0.05627216,0.121893466,0.095320046,0.022661656
0.108708195,0.101308,0.1530891,0.12523487
0.04826434,0.12366272,0.10634318,0.018507324
0.11568395,0.10908928,0.11478694,0.12125253
0.11070564,0.11549388,0.1320633,0.019644031
0.13727793,0.015180981,0.08639265,0.12023152
0.046280235,0.12566763,0.09371135,0.023365308
0.110067785,0.10426287,0.13254137,0.11898866
0.045373566,0.11834929,0.10874426,0.017325487
0.1113653,0.103407085,0.15936479,0.12306312
0.044048414,0.16165528,0.10248768,0.024859281
0.11595561,0.10443231,0.0874304,0.13892533
0.117898606,0.11644691,0.09925819,0.015253572
0.13896435,0.101995654,0.06771092,0.14569663
0.12267092,0.117075786,0.10016203,0.019278143
0.13730064,0.10163481,0.059123684,0.14440386
0.1189172,0.11105465,0.09789304,0.014759388
0.15368834,0.10177314,0.053908475,0.13598506
0.107901976,0.10163383,0.12345838,0.16446163
0.14111382,0.108633794,0.055298094,0.14673498
0.1137727,0.112277105,0.10221639,0.015159405
0.10807892,0.0998734,0.04290444,0.13460606
0.12079203,0.118945,0.09798695,0.016872052
0.1282731,0.10041879,0.04783117,0.13895106
0.11010314,0.11038872,0.109130904,0.017689534
0.12180213,0.0150672635,0.13507438,0.017835064
0.12049389,0.11710892,0.095951125,0.01668843
0.12282476,0.100434296,0.04696465,0.13666217
0.11407569,0.11442347,0.107745,0.015106086
0.13496894,0.013328374,0.13440141,0.017718848
0.117357776,0.116203725,0.12023491,0.1323171
0.14676215,0.015010722,0.1281786,0.017419154
0.12909213,0.13318542,0.12700146,0.13537174
0.1799823,0.012988994,0.12924203,0.016959649
0.11018782,0.11973871,0.12050113,0.13567618
0.09374847,0.017483264,0.13232258,0.015576477
0.120001875,0.116893485,0.09755832,0.016016422
0.10638684,0.11067386,0.039712075,0.13570537
0.11989021,0.117349975,0.09986584,0.013833504
0.109733604,0.11390149,0.030940248,0.1410529
0.11503558,0.11495867,0.10061626,0.019418206
0.10650801,0.10978252,0.03265214,0.129454
0.12135118,0.11900224,0.098318085,0.018001974
0.10345481,0.10544033,0.028749699,0.13014197
0.118658245,0.11535454,0.10702343,0.021585327
0.11098796,0.11241722,0.031874523,0.13333674
0.1213409,0.117912054,0.095729664,0.017787091
0.10633073,0.108270966,0.029442519,0.12570687
0.117731586,0.11435527,0.100405715,0.014936735
0.10610359,0.11356807,0.028019011,0.13567314
0.11443232,0.112527594,0.10692996,0.014224594
0.10597642,0.107373804,0.027455281,0.12338671
0.1215006,0.11689432,0.10342761,0.019896165
0.10915032,0.11089328,0.028822018,0.13694724
0.11771104,0.114973105,0.10317958,0.017615765
0.11405827,0.11296672,0.028021248,0.14116916
0.124861225,0.115712225,0.09340688,0.019027323
0.10720776,0.107607216,0.025884435,0.13853833
0.11665058,0.11334115,0.10603488,0.016101854
0.108508945,0.11054468,0.027232783,0.12882027
0.119019054,0.11995163,0.09706078,0.014701727
0.030633159,0.014910263,0.13007163,0.015705377
0.12009053,0.11754536,0.10006856,0.014903461
0.10845767,0.11135976,0.02402687,0.13307431
0.113698065,0.117899194,0.10137871,0.017729605
0.029765096,0.012180867,0.12572005,0.014425823
0.11788251,0.11754753,0.10505195,0.01665184
0.107236825,0.107231915,0.027793715,0.12946035
0.11448851,0.11369839,0.104196884,0.013228819
0.1094744,0.11083693,0.023967117,0.13301688
0.11688084,0.11687315,0.09585477,0.014585843
0.10809335,0.11070235,0.027103076,0.13267761
0.11559302,0.11696829,0.09831854,0.013186048
0.027405674,0.012409591,0.13302563,0.019473847
0.11529715,0.11726185,0.10440253,0.015376655
0.027064592,0.015079027,0.12283942,0.01537895
0.112417795,0.11180383,0.10006596,0.014050532
0.1062657,0.10550514,0.027664952,0.13216761
0.11799279,0.11521681,0.1039229,0.01296646
0.1087307,0.10943662,0.0323351,0.12957324
0.11820315,0.11740984,0.099772796,0.013581162
0.10710932,0.1099085,0.021552991,0.1327563
0.11929028,0.11634733,0.09705673,0.015349623
0.10743474,0.10728505,0.023504656,0.1314781
0.120153464,0.11400126,0.105774865,0.016421858
0.10793421,0.110877514,0.020667028,0.12408074
0.118624754,0.1262798,0.17349717,0.014129905
0.13034028,0.015045244,0.07776275,0.10225817
0.023732617,0.024251513,0.09301179,0.01994225
0.018126655,0.14390013,0.075577125,0.10575706
0.023591522,0.023366347,0.083179116,0.014659008
0.018757647,0.16480032,0.07518807,0.10490147
0.025562968,0.028951705,0.08070949,0.01411978
0.019306585,0.1139852,0.07702781,0.10666025
0.024087021,0.024973914,0.077830255,0.014899295
0.02183382,0.0832732,0.07707995,0.10834955
0.13959609,0.18143813,0.070911564,0.08814742
0.1438003,0.016560065,0.16586035,0.17624038
0.13652875,0.16295455,0.07002041,0.08292998
0.0124747865,0.12455194,0.07575152,0.09052355
0.11848208,0.12656298,0.11015247,0.11506885
0.100411035,0.12429312,0.13797265,0.13220586
0.11550169,0.12690274,0.11363746,0.10927862
0.098586105,0.12219004,0.14391987,0.12807588
0.11804108,0.1253205,0.11454269,0.11452615
0.10262866,0.12222352,0.14146379,0.1355536
0.11564633,0.12719868,0.113938704,0.117718466
0.09973769,0.12317218,0.14413652,0.13190737
0.11988603,0.12828559,0.113308884,0.121281974
0.09922157,0.12184544,0.14170395,0.13475211
0.11811141,0.123934224,0.11402024,0.11133769
0.102965266,0.12306856,0.14668603,0.13479091
0.118195176,0.12826397,0.11313219,0.11597529
0.101332694,0.122097716,0.14535123,0.13764295
0.11922559,0.12356861,0.1159795,0.114557244
0.10384424,0.123980135,0.14371347,0.14692622
0.10768705,0.015212439,0.122009754,0.11438309
0.13052721,0.15604143,0.08684133,0.08782127
0.10545933,0.019671993,0.12719022,0.11387255
0.13851206,0.15811463,0.088005945,0.09238508
0.10812664,0.015756,0.121805266,0.111530274
0.13000749,0.14869902,0.08636948,0.0858825
0.10606144,0.015386184,0.12761487,0.11073093
0.1449699,0.16932708,0.08985392,0.088252485
0.10602804,0.016227204,0.11898124,0.10111439
0.12173526,0.12758258,0.088014446,0.083021045
0.116492935,0.014206339,0.12182557,0.10487415
0.12403054,0.0947079,0.08780827,0.08723576
0.11955887,0.12585041,0.11386073,0.10824843
0.10530018,0.12135059,0.13753837,0.12974294
0.11919718,0.12970564,0.112597145,0.11438086
0.10486969,0.11991648,0.14420415,0.1236947
0.120243765,0.123781815,0.11523021,0.109540336
0.10572227,0.12415599,0.13631162,0.13404566
0.1162314,0.1271281,0.112694286,0.11482706
0.09936234,0.11906563,0.13833976,0.11747659
0.11908309,0.12695526,0.11629823,0.11822188
