831,792
839,784
847,776
855,784
863,776
871,784
863,776
871,784
863,776
871,784
863,776
871,784
863,776
871,784
863,776
871,784
879,776
887,784
879,776
887,784
879,776
887,784
879,776
871,768
879,776
871,768
879,776
871,784
863,792
855,784
863,792
855,784
863,792
855,784
847,776
855,784
863,792
871,800
863,792
871,800
863,792
871,800
863,792
871,784
863,792
855,800
847,792
855,784
847,792
839,784
831,792
839,784
831,792
839,784
831,792
839,784
831,792
839,784
831,792
839,784
831,792
839,784
831,792
839,784
831,792
839,784
831,792
839,784
831,792
839,784
831,792
839,784
831,792
823,800
831,792
823,800
831,792
839,784
831,792
823,800
831,792
839,800
847,792
855,800
863,808
855,800
863,808
855,800
863,808
855,800
863,808
871,816
879,808
871,800
879,808
871,800
879,808
871,800
879,808
871,800
879,808
887,800
895,792
903,800
911,808
903,800
911,792
919,800
927,808
935,816
943,824
935,816
943,824
935,816
943,824
935,816
943,824
951,832
943,824
951,832
943,824
951,832
943,824
951,832
959,840
951,832
959,840
951,832
959,840
951,832
959,840
967,832
959,824
951,816
943,808
935,800
943,808
935,800
943,808
951,816
959,824
951,816
959,824
951,816
959,824
951,816
959,824
951,816
959,824
967,832
959,824
951,816
959,824
967,832
975,840
967,832
975,840
967,832
975,840
967,832
975,840
983,832
975,824
967,816
975,824
983,832
975,824
983,832
975,824
983,832
975,824
983,832
975,824
967,816
975,824
983,832
975,824
967,816
975,824
983,832
975,824
983,832
991,840
983,832
975,824
983,832
975,824
983,832
975,824
967,816
975,824
983,832
975,824
983,832
975,824
967,816
975,824
983,832
975,824
967,816
975,824
983,832
975,824
983,832
991,840
983,832
975,824
983,832
975,824
983,832
975,824
983,832
975,824
967,816
975,824
983,832
975,824
983,832
975,824
983,832
975,824
967,832
975,840
983,832
975,824
983,832
975,824
967,816
975,824
983,832
975,824
983,832
975,824
983,832
975,824
983,832
975,824
967,816
959,808
967,816
975,824
983,832
975,824
983,832
975,824
967,816
975,824
967,816
959,808
951,800
943,792
951,800
943,792
935,784
943,792
935,800
943,808
935,800
943,808
935,800
943,808
951,816
959,824
967,832
975,840
983,832
975,824
967,816
959,808
951,800
943,792
935,800
943,808
935,800
943,808
935,800
943,808
935,800
943,808
935,800
943,808
935,800
943,808
935,800
943,808
935,800
943,808
935,800
943,808
935,800
943,808
935,800
943,808
951,816
959,824
951,816
959,824
967,832
975,840
983,832
991,840
983,832
975,824
967,816
959,808
951,800
943,808
935,800
943,808
935,800
943,808
935,800
943,808
935,800
943,808
935,800
927,792
935,800
943,808
935,800
927,792
935,800
943,808
935,800
927,792
935,800
943,808
935,800
927,792
919,800
927,808
935,816
927,824
919,816
911,808
919,800
927,808
935,816
927,824
919,816
911,808
919,800
927,808
935,816
927,824
919,816
927,824
919,816
927,824
935,832
943,840
951,832
959,840
967,848
959,840
967,832
959,824
967,832
975,840
983,832
991,840
999,832
1007,840
1015,832
1023,824
1015,832
1023,824
1015,832
1023,824
1015,832
1023,824
1015,832
1023,824
1015,832
1023,824
1015,832
1023,824
1015,832
1023,824
1015,832
1023,824
1031,816
1039,824
1047,816
1039,824
1047,816
1039,824
1047,816
1039,824
1047,816
1039,824
1047,816
1055,808
1063,816
1071,808
1063,816
1071,808
1063,816
1071,808
1063,816
1071,824
1079,816
1071,824
1079,816
1071,824
1079,816
1071,824
1079,816
1071,824
1079,816
1071,824
1079,816
1071,824
1079,816
1071,824
1079,816
1071,824
1079,816
1071,824
1079,816
1071,824
1079,816
1071,824
1079,816
1071,824
1079,816
1071,824
1079,816
1071,824
1079,816
1071,824
1079,816
1071,824
1079,816
1071,824
1079,816
1071,824
1079,816
1071,824
1079,816
1071,824
1079,816
1071,824
1079,816
1071,824
1079,816
1071,824
1079,816
1071,824
1079,816
1071,824
1079,816
1071,824
1079,816
1071,824
1079,816
1071,824
1079,816
1071,824
1079,816
1071,824
1079,816
1071,824
1079,816
1071,824
1079,816
1071,824
1079,816
1071,824
1079,816
1071,824
1079,816
1071,824
1079,816
1071,824
1079,816
1071,824
1079,816
1071,824
1079,816
1071,824
1079,816
1071,824
1079,816
1071,824
1079,816
1071,824
1079,816
1071,824
1079,816
1071,824
1079,816
1071,824
1079,816
1071,824
1079,816
1071,824
1079,816
1071,824
1079,816
1071,824
1079,816
1071,824
1079,816
1071,824
1079,816
1071,824
1079,816
1071,824
1079,816
1071,824
1079,816
1071,824
1079,816
1071,824
1079,816
1071,824
1079,816
1071,824
1079,816
1071,824
1079,816
1071,824
1079,816
1071,824
1079,816
1071,824
1079,816
1071,824
1079,816
1071,824
1079,816
1071,824
1079,816
1071,824
1079,816
1071,824
1079,816
1071,824
1079,816
1071,824
1079,816
1071,824
1079,816
1071,824
1079,816
1071,824
1079,816
1071,824
1079,816
1071,824
1079,816
1071,824
1079,816
1071,824
1079,816
1071,824
1079,816
1071,824
1079,816
1071,824
1079,816
1071,824
1079,816
1071,824
1079,816
1071,824
1079,816
1071,824
1079,816
1071,824
1079,816
1071,824
1079,816
1071,824
1079,816
1071,824
1079,816
1071,824
1079,816
1071,824
1079,816
1071,824
1079,816
1071,824
1079,816
1071,824
1079,816
1071,824
1079,816
1071,824
1079,816
1071,824
1079,816
1071,824
1079,816
1071,824
1079,816
1071,824
1079,816
1071,824
1079,816
1071,824
1079,816
1071,824
1079,816
1071,824
1079,816
1071,824
1079,816
1071,824
1079,816
1071,824
1079,816
1071,824
1079,816
1071,824
1079,816
1071,824
1079,816
1071,824
1079,816
1071,824
1079,816
1071,824
1079,816
1071,824
1079,816
1071,824
1079,816
1071,824
1079,816
1071,824
1079,816
1071,824
1079,816
1071,824
1079,816
1071,824
1079,816
1071,824
1079,816
1071,824
1079,816
1071,824
1079,816
1071,824
1079,816
1071,824
1079,816
1071,824
1079,816
1071,824
1079,816
1071,824
1079,816
1071,824
1079,816
1071,824
1079,816
1071,824
1079,816
1071,824
1079,816
1071,824
1079,816
1071,824
1079,816
1071,824
1079,816
1071,824
1079,816
1071,824
1079,816
1071,824
1079,816
1071,824
1079,816
1071,824
1079,816
1071,824
1079,816
1071,824
1079,816
1071,824
1079,816
1071,824
1079,816
1071,824
1079,816
1071,824
1079,816
1071,824
1079,816
1071,824
1079,816
1071,824
1079,816
1071,824
1079,816
1071,824
1079,816
1071,824
1079,816
1071,824
1079,816
1071,824
1079,816
1071,824
1079,816
1071,824
1079,816
1071,824
1079,816
1071,824
1079,816
1071,824
1079,816
1071,824
1079,816
1071,824
1079,816
1071,824
1079,816
1071,824
1079,816
1087,808
1079,816
1071,824
1079,816
1071,824
1079,816
1071,824
1079,816
1071,824
1079,816
1071,824
1079,816
1071,824
1079,816
1071,824
1079,816
1071,824
1079,816
1071,824
1079,816
1071,824
1079,816
1071,824
1079,816
1071,824
1079,816
1071,824
1079,816
1071,824
1079,816
1071,824
1079,816
1071,824
1079,816
1071,824
1079,816
1071,824
1079,816
1071,824
1079,816
1071,824
1079,816
1071,824
1079,816
1071,824
1079,816
1071,824
1079,816
1071,824
1079,816
1071,824
1079,816
1071,824
1079,816
1071,824
1079,816
1071,824
1079,816
1071,824
1079,816
1071,824
1079,816
1071,824
1079,816
1071,824
1079,816
1071,824
1079,816
1071,824
1079,816
1071,824
1079,816
1071,824
1079,816
1071,824
1079,816
1071,824
1079,816
1071,824
1079,816
1071,824
1079,816
1071,824
1079,816
1071,824
1079,816
1071,824
1079,816
1071,824
1079,816
1071,824
1079,816
1071,824
1079,816
1071,824
1079,816
1071,824
1079,816
1071,824
1079,816
1071,824
1079,816
1071,824
1079,816
1071,824
1079,816
1071,824
1079,816
1071,824
1079,816
1071,824
1079,816
1071,824
1079,816
1071,824
1079,816
1071,824
1079,816
1071,824
1079,816
1087,808
1079,816
1071,824
1079,816
1071,824
1063,832
1071,824
1063,832
1071,824
1063,832
1071,824
1063,832
1071,824
1063,832
1071,824
1063,832
1071,824
1063,832
1071,824
1063,832
1071,824
1063,832
1071,824
1063,832
1071,824
1063,832
1071,824
1063,832
1071,824
1063,832
1071,824
1063,832
1071,824
1063,832
1071,824
1063,832
1071,824
1063,832
1071,824
1063,832
1071,824
1063,832
1071,824
1063,832
1071,824
1063,832
1071,824
1063,832
1071,824
1063,832
1071,824
1063,832
1071,824
1063,832
1071,824
1063,832
1071,824
1063,832
1071,824
1063,832
1071,824
1063,832
1071,824
1063,832
1071,824
1063,832
1071,824
1063,832
1071,824
1063,832
1071,824
1063,832
1071,824
1063,832
1071,824
1063,832
1071,824
1063,832
1071,824
1063,832
1071,824
1063,832
1071,824
1063,832
1071,824
1063,832
1071,824
1063,832
1071,824
1063,832
1071,824
1063,832
1071,824
1063,832
1071,824
1063,832
1071,824
1063,832
1071,824
1063,832
1071,824
1063,832
1071,824
1063,832
1071,824
1063,832
1071,824
1063,832
1071,824
1063,832
1071,824
1063,832
1071,824
1063,832
1071,824
1063,832
1071,824
1063,832
1071,824
1063,832
1071,824
1063,832
1071,824
1063,832
1071,824
1063,832
1071,824
1063,832
1071,824
1063,832
1071,824
1063,832
1071,824
1063,832
1071,824
1063,832
1071,824
1063,832
1071,824
1063,832
1071,824
1063,832
1071,824
1063,832
1071,824
1063,832
1071,824
1063,832
1071,824
1063,832
1071,824
1063,832
1071,824
1063,832
1071,824
