0.54270816,0.5700806,0.0327421,0.00961545
0.21277906,0.214669,0.014017109,0.011776742
0.16627543,0.17086226,0.011903433,0.006560856
0.06333485,0.061186,0.008223509,0.0061777076
0.047640264,0.040666185,0.010490682,0.0074278796
0.024742903,0.018638115,0.008829324,0.0066085076
0.020254578,0.015097753,0.0067307414,0.007018274
0.014647108,0.010953139,0.006352063,0.0056003924
0.019259641,0.01466635,0.0048376936,0.0045497576
0.01892045,0.013426537,0.0059211003,0.0050865496
0.014039208,0.010083729,0.0048291394,0.0040007886
0.014192047,0.009695977,0.0077025327,0.0045374404
0.011590488,0.007949048,0.0057358346,0.0032335625
0.011815055,0.007272719,0.007379941,0.0025085672
0.011490877,0.008602216,0.006545366,0.0028934213
0.010340894,0.00815781,0.0067645623,0.0041331607
0.010485884,0.008782147,0.0063252905,0.0040198825
0.010309853,0.009393935,0.006565841,0.0057796706
0.010613777,0.008837289,0.0067518633,0.004972779
0.011537022,0.009306125,0.008030437,0.0075622555
0.01152098,0.008629826,0.0072876257,0.0055930917
0.012682706,0.010647415,0.007747069,0.007894713
0.014282163,0.01132599,0.008270478,0.0068364306
0.012878644,0.010820115,0.010090873,0.0071355924
0.014903557,0.01276453,0.010986437,0.0065677194
0.01236726,0.009975391,0.015625969,0.0071154325
0.021238044,0.017821416,0.011738888,0.0068008
0.019381179,0.017488383,0.0137001425,0.007415703
0.013211124,0.012193057,0.0119683035,0.006712109
0.010003304,0.009955682,0.012140891,0.006991771
0.013025273,0.013617813,0.015263097,0.0066308235
0.032186296,0.031572167,0.020462781,0.008272484
0.014689862,0.014575298,0.01105791,0.008961873
0.011732698,0.011672125,0.0091156745,0.0074944114
0.011546001,0.010283377,0.0075451746,0.011204774
0.016134497,0.014928959,0.0090091,0.0069687674
0.016914075,0.015132882,0.008059661,0.012315043
0.01028591,0.0107037,0.009078855,0.006130841
0.009514149,0.008714643,0.008820141,0.009472659
0.007957031,0.0101979915,0.011875937,0.008027152
0.008889378,0.012390342,0.009632146,0.009477449
0.017629039,0.019868072,0.011693083,0.00810648
0.016776405,0.014499787,0.011007058,0.009739822
0.01060362,0.011259924,0.011387267,0.008291755
0.012837077,0.013367301,0.0093510235,0.009362619
0.010614543,0.011671284,0.011652157,0.008205857
0.01102521,0.016891135,0.010687545,0.00883244
0.008147031,0.009520488,0.0119444765,0.008309673
0.012137292,0.012715494,0.009697231,0.009275656
0.006426624,0.00843532,0.012280282,0.008305495
0.01325491,0.01361029,0.009659262,0.009403828
0.006421102,0.008332068,0.012300838,0.008505193
0.011970058,0.012734982,0.010185236,0.0093865
0.0058864797,0.007956326,0.012675095,0.008615515
0.0121186655,0.013095909,0.010172205,0.009432686
0.00657102,0.010104554,0.012639452,0.008612721
0.013180311,0.013698447,0.009767661,0.0096307155
0.009242784,0.01290266,0.013279168,0.008950922
0.012747893,0.013177585,0.010574405,0.009781672
0.0105026,0.012820607,0.0129323425,0.008640499
0.012668742,0.012205231,0.010463073,0.010173861
0.008858866,0.012690692,0.010990419,0.002603302
0.007838394,0.00922065,0.009848508,0.012534539
0.0047778874,0.008159405,0.013029412,0.008526438
0.013154482,0.0122833485,0.010800479,0.009518709
0.0046919743,0.009405599,0.010840069,0.0020685818
0.013286494,0.004135211,0.011261303,0.0105225425
0.006888086,0.0052225273,0.010095237,0.0121056475
0.013648546,0.0038403054,0.011490212,0.010540141
0.007042396,0.005126406,0.010175233,0.0121949045
0.0137032885,0.0039895447,0.011401364,0.010587731
0.0070790346,0.0050786496,0.010234842,0.012262344
0.014079781,0.004518767,0.011585284,0.010610884
0.0075225113,0.0050743483,0.010180939,0.012301456
0.013613465,0.0038723957,0.01153859,0.010579191
0.0071373386,0.0046129134,0.010278909,0.012341841
0.0141890375,0.0034418183,0.011763582,0.010624925
0.0074520255,0.0049589584,0.009934912,0.011874516
0.019203827,0.008073368,0.011306173,0.010572186
0.008625063,0.00785115,0.010625365,0.012260297
0.010619344,0.0063695647,0.011798731,0.010688602
0.010730007,0.01635209,0.013465498,0.011950852
0.007559629,0.004846424,0.011110475,0.010271122
0.010009208,0.009553928,0.0132487,0.012030123
0.020667657,0.024168456,0.017459754,0.015890628
0.010089416,0.0106977,0.011697479,0.0117765665
0.010248977,0.015532899,0.0107304435,0.012776205
0.010272327,0.01578635,0.0097041195,0.009613898
0.010069815,0.013460842,0.010889914,0.010547868
0.006375774,0.0070263078,0.013659189,0.009163575
0.0111481175,0.013777634,0.01076622,0.010550865
0.0053418726,0.006716041,0.01364065,0.009165327
0.008605494,0.0127065275,0.011625728,0.01042691
0.0051366845,0.006658896,0.013462149,0.00928416
0.008227964,0.013401967,0.010571998,0.010805308
0.003238284,0.0046795327,0.013626177,0.0092783
0.008954874,0.015007811,0.011376247,0.0096749645
0.0041005323,0.0051887315,0.015442269,0.0097090155
0.010656492,0.015588055,0.012395552,0.009425584
0.0031959503,0.0045697712,0.014298622,0.009375564
0.00838713,0.01435213,0.0107268905,0.01014963
0.0033571615,0.0048893904,0.013226087,0.008935544
0.008807305,0.01318165,0.011031026,0.010537447
0.0051532974,0.0065581724,0.01339419,0.0090612145
0.008288209,0.01293296,0.010627088,0.01100632
0.0031400276,0.004510358,0.013622634,0.00921053
0.008020966,0.013420503,0.01104038,0.010341069
0.00237789,0.0037469813,0.014045979,0.009407971
0.010297069,0.01596825,0.011603024,0.0097843055
0.003596972,0.0044085244,0.014711384,0.009748183
0.0100989435,0.015733333,0.011755589,0.009743403
0.0046098125,0.0053740246,0.014374719,0.00962209
0.008769587,0.014472954,0.011151037,0.010087643
0.0028090714,0.0039359117,0.014052124,0.009456461
0.008265452,0.013399693,0.012125591,0.010344135
0.0041065547,0.0052340915,0.013758045,0.009221072
0.008289123,0.013136717,0.010992094,0.011250536
0.0039803926,0.0050330665,0.013888868,0.009335991
0.008179937,0.01320628,0.011074725,0.011167868
0.0030114062,0.003923286,0.013995521,0.009324036
0.008558946,0.013831515,0.010881689,0.010878626
0.0026323525,0.0037219287,0.014490676,0.009624693
0.008649241,0.014381774,0.011333729,0.010210633
0.00326031,0.004211688,0.014647106,0.009866935
0.009489452,0.015478527,0.011381098,0.010197544
0.0031593007,0.004142599,0.015140397,0.010102519
0.009149264,0.015048755,0.01135499,0.010208435
0.0026582454,0.0037972513,0.014666377,0.009942473
0.008778038,0.014390582,0.011047232,0.010419278
0.0021945287,0.0032560197,0.014248856,0.009785723
0.008323668,0.014300568,0.011336394,0.010599589
0.0026916417,0.0033566973,0.01433921,0.0095474385
0.008193422,0.013760698,0.011036812,0.011219036
0.004992298,0.0051528164,0.014752092,0.0097847255
0.008828625,0.013187005,0.010805586,0.011641761
0.004343264,0.0043903748,0.013703207,0.00922106
0.008451789,0.013280776,0.010708827,0.0117026325
0.004038483,0.0039333533,0.014623544,0.009525743
0.008793212,0.014336256,0.011245899,0.010911481
0.0021886537,0.0031013342,0.0159016,0.01037711
0.009483901,0.014586174,0.011199553,0.010609581
0.002971244,0.0041004997,0.0154477395,0.010336253
0.009014564,0.014654592,0.011177931,0.010812754
0.0036573545,0.0043647834,0.015495376,0.01009485
0.009335785,0.015079495,0.010980828,0.010980989
0.0030793587,0.003959336,0.016116662,0.010427309
0.009062618,0.014597533,0.011569645,0.010559378
0.0017914191,0.0027303223,0.014776878,0.009981752
0.008488307,0.013899916,0.011037158,0.011179646
0.0018954308,0.0026190425,0.014601063,0.009699793
0.008289203,0.013883697,0.011047543,0.0112455
0.0023531571,0.002888624,0.014695231,0.009716389
0.008487159,0.013601021,0.010979459,0.011555141
0.0036499663,0.004822089,0.0147907045,0.009817672
0.010016692,0.013975516,0.010822568,0.012163239
0.008005167,0.0075477003,0.013991319,0.009469762
0.008979562,0.013910264,0.010825607,0.01241498
0.0037931816,0.0046477388,0.014374925,0.0094146365
0.008389151,0.013390101,0.011002916,0.011550179
0.0019195338,0.0027211618,0.01613004,0.010405871
0.010746851,0.016391082,0.011142898,0.010537379
0.0034692797,0.0043026963,0.016160974,0.010794681
0.008956132,0.014866342,0.011112779,0.011193463
0.0020645757,0.0026591527,0.015253421,0.01027423
0.008508069,0.01396554,0.011432218,0.011232731
0.0015671976,0.0023613176,0.014889996,0.009901711
0.008674719,0.013617271,0.011362103,0.011391819
0.0020620865,0.0028286357,0.015209779,0.010105248
0.008646679,0.013969269,0.011085208,0.012188556
0.0017043484,0.0024495162,0.015167603,0.009967811
0.008474426,0.013558709,0.011146316,0.011720093
0.0019000752,0.0025644042,0.01484941,0.009798535
0.008677762,0.013766376,0.011195436,0.011956766
0.0030754665,0.003330131,0.014448821,0.009498827
0.010110964,0.014339452,0.011419753,0.011797057
0.0054369397,0.005534169,0.0144600775,0.00948011
0.008838738,0.014298649,0.011026171,0.011645077
0.0029435295,0.003756756,0.016591132,0.010684285
0.009796654,0.015834955,0.010893205,0.011592069
0.0016075715,0.0023856792,0.016533595,0.010784664
0.009080534,0.014557633,0.011363099,0.012630392
0.0014712887,0.0021371562,0.01582651,0.010238042
0.008873278,0.014083577,0.011354333,0.0118623385
0.0017221619,0.0020849234,0.01587987,0.010239297
0.009505486,0.015103914,0.01146781,0.011092695
0.0037492535,0.0034994446,0.016637335,0.010751681
0.011831168,0.018346732,0.011277982,0.011092141
0.0025040898,0.0036670067,0.018292993,0.0117550315
0.009315618,0.009734175,0.010862424,0.011177793
0.001587463,0.0022864267,0.0012098622,0.009089543
0.011221941,0.02057256,0.016218878,0.010996032
0.011968983,0.01611933,0.016764116,0.009733611
0.011541136,0.010403503,0.022428177,0.010313536
0.0125812795,0.017689928,0.05181823,0.023650125
0.011925049,0.013855775,0.027107906,0.014787946
0.008140644,0.012307188,0.019734282,0.014895221
0.009120205,0.012621295,0.017324528,0.01573781
0.010888397,0.013216404,0.012317691,0.01667143
0.010809061,0.010235447,0.014125526,0.015734375
0.011175894,0.010813781,0.030146513,0.028460763
0.014503334,0.011663264,0.010787857,0.017569348
0.01165905,0.010604332,0.010400963,0.013412242
0.0069386903,0.011479316,0.018671941,0.017320452
0.018593676,0.02001023,0.023341877,0.024880443
0.011369883,0.01237149,0.015964143,0.015457844
0.009273934,0.013333579,0.012796585,0.016075186
0.010942348,0.012814606,0.013586404,0.018540379
0.011866927,0.01114959,0.009459689,0.016655602
0.013065937,0.013435333,0.010772451,0.016230864
0.013048046,0.014903163,0.012698885,0.01936366
0.012004513,0.017465735,0.010821222,0.01782783
0.011126389,0.015980009,0.009113126,0.020053962
0.014141975,0.0155127235,0.010599167,0.02449987
0.015202217,0.01627036,0.009149841,0.026540106
0.017366817,0.022317348,0.008658779,0.026841035
0.02060479,0.030932467,0.012179777,0.029964788
0.020609533,0.030362088,0.01474146,0.03548109
0.022144195,0.03076014,0.013054388,0.032342497
0.019449225,0.034820955,0.014750318,0.031317063
0.021447085,0.03538515,0.01846794,0.03069562
0.021166135,0.037355196,0.021715587,0.032447185
0.025946572,0.03678067,0.017606283,0.033176262
0.032729477,0.039536446,0.036186803,0.038422193
0.020749675,0.020140212,0.028978571,0.032742012
0.03195166,0.03584545,0.040610418,0.03180449
0.025339779,0.03552268,0.034971043,0.025897482
0.018565575,0.02213332,0.029356176,0.022956219
0.03335775,0.032145858,0.03070748,0.025143445
0.011848663,0.016991008,0.020501103,0.020650903
0.017966168,0.023543237,0.025592526,0.024668673
0.024157783,0.034931418,0.023959234,0.02411774
0.013507713,0.015485086,0.02067135,0.024060097
0.023332905,0.035666868,0.00846072,0.015396545
0.027227683,0.033968795,0.037159435,0.016429141
0.02589883,0.021618092,0.0077082915,0.016169706
0.009978291,0.011726818,0.014773548,0.026585247
0.025766255,0.014672259,0.006812867,0.01571757
0.010093858,0.0095302835,0.012606818,0.027498677
0.029203974,0.01377546,0.006431561,0.017742595
0.0068001375,0.0084316535,0.010718398,0.027439538
0.026831541,0.0092183,0.005720745,0.016279362
0.0047358624,0.006120462,0.008632499,0.026710859
0.028282616,0.0083373515,0.00490321,0.016675992
0.0053077587,0.0057259426,0.008283446,0.027597178
0.029855214,0.00796163,0.0048781745,0.017405735
0.0065127034,0.0055958065,0.007910884,0.027890071
0.030472048,0.007147413,0.004729005,0.017798115
0.0042255432,0.0048989514,0.0067948042,0.027216207
0.031304255,0.0059851105,0.004182149,0.016729837
0.0037573797,0.0051375465,0.0060122972,0.027575534
0.031443898,0.005803731,0.003547011,0.01681954
0.003302845,0.0042802454,0.0054719723,0.02717149
0.03011816,0.004982464,0.0034066902,0.01690639
0.0030109228,0.003973543,0.005156283,0.026890704
0.030976364,0.0067892345,0.0033768495,0.017837975
0.0044418294,0.0038693848,0.004853968,0.027143529
0.032337468,0.0061474615,0.0037523317,0.018558385
0.0032426761,0.0038292843,0.004941911,0.026698677
0.031923693,0.0043517873,0.00306187,0.017691517
0.003611193,0.005186827,0.0053322157,0.028450938
0.032320723,0.004160692,0.002945047,0.017195849
0.0025069276,0.0029801982,0.0039965217,0.028145755
0.032218166,0.0031387878,0.0029558605,0.018156826
0.0024278432,0.003804016,0.003917585,0.028048456
0.032811124,0.0032939045,0.0025163179,0.018129883
0.0022019297,0.003166111,0.0044079656,0.02758746
0.010344609,0.0029002496,0.002259098,0.017405372
0.029407717,0.040878326,0.01760252,0.014908175
0.03364127,0.04044018,0.036933456,0.011733916
0.03401185,0.040577095,0.039870363,0.012994382
0.030174233,0.032995053,0.037759062,0.016397323
0.02469524,0.02010049,0.019932248,0.012569944
0.025895469,0.028991027,0.038910795,0.020897007
0.029321095,0.018235546,0.0052654548,0.018336654
0.024214951,0.0041871555,0.006707262,0.029413281
0.029005434,0.023427222,0.0062272414,0.020067558
0.024325226,0.0032004758,0.0038585528,0.02896761
0.030287273,0.022373293,0.003973226,0.018794859
0.024247382,0.0024062581,0.0034429084,0.027503286
0.031136002,0.022278097,0.004227292,0.019753113
0.02459853,0.0027662294,0.0033780828,0.027883347
0.031760883,0.024222748,0.0036683322,0.019903306
0.023983836,0.0020134633,0.0027021354,0.027318995
0.031576443,0.024196167,0.0032182862,0.01983793
0.024782756,0.0019755587,0.00306177,0.02798286
0.031858053,0.026499595,0.0045126383,0.020738045
0.0257027,0.0030880508,0.0036311888,0.0297424
0.03085297,0.0258101,0.0033785754,0.019292684
0.02475377,0.0018124231,0.002320256,0.029211763
0.031045863,0.025056912,0.0025832332,0.019391669
0.024880087,0.0017709377,0.0023725184,0.028779792
0.031233598,0.025623634,0.0032476792,0.019993952
0.024619076,0.0017146737,0.0023557388,0.02815047
0.031330932,0.025428519,0.003041968,0.020179467
0.024865326,0.0017068342,0.0023755822,0.028415974
0.032021627,0.025973415,0.002872151,0.019973226
0.0253757,0.0017429591,0.0021661783,0.029184502
0.032199886,0.0252463,0.0024530082,0.020198302
0.026252214,0.0014845806,0.0019530025,0.029868895
0.03189303,0.026381925,0.0024800317,0.020523308
0.026644832,0.0021298125,0.0022461165,0.030337082
0.031240989,0.026160965,0.0024935685,0.020288046
0.026108136,0.001399066,0.0019363572,0.029505089
0.03333429,0.027275648,0.0037434793,0.022013728
0.025231836,0.0013371555,0.002344086,0.028697716
0.0322708,0.028443856,0.0021597468,0.02143204
0.026459541,0.0012674488,0.0016756225,0.030735198
0.032690454,0.028622605,0.0018876144,0.021477606
0.027197968,0.0011873269,0.0015303781,0.0315021
0.032840274,0.027890526,0.0016913544,0.021607086
0.026723664,0.0010065926,0.0015107393,0.03090167
0.033812623,0.028117025,0.0020347987,0.023024108
0.026581403,0.0017558588,0.0019522215,0.030562993
0.034320727,0.029680837,0.0029963357,0.023811286
0.026961377,0.0012078191,0.002038252,0.030724593
0.032953855,0.02944467,0.0017392446,0.021240067
0.027754873,0.002143241,0.0023265975,0.03199558
0.03325474,0.028187184,0.0019313646,0.020952813
0.026089732,0.0015055081,0.0017603086,0.030381948
0.033571232,0.029023575,0.0018935566,0.022413155
0.026248045,0.0010476604,0.0014277934,0.029952113
0.03283986,0.02895674,0.0015959119,0.021515893
0.027339995,0.0012685335,0.0015887403,0.031018302
0.033379517,0.02840848,0.0016440339,0.021680037
0.027465578,0.0011123193,0.0012311557,0.031338114
0.03333367,0.028579107,0.001438279,0.021921212
0.027225519,0.00087773777,0.0010778891,0.031059721
0.033854883,0.029246207,0.0013312266,0.022409754
0.026661694,0.00086278963,0.0011309372,0.030640488
0.033628367,0.029399132,0.0016964335,0.022503035
0.027072266,0.0010865259,0.0010779737,0.03054453
0.034004636,0.03022096,0.0016880577,0.023048446
0.027749937,0.0009869556,0.0024011827,0.030781092
0.032460473,0.02953579,0.0013981387,0.021548802
0.029362813,0.0032834318,0.002857358,0.032873847
0.031678766,0.028342497,0.0021148077,0.0216193
0.027313221,0.0011308413,0.001261624,0.030457854
0.033175804,0.028824724,0.001445356,0.022687405
0.026524866,0.001236198,0.001538065,0.029643383
0.033715166,0.029413868,0.0015824345,0.022432944
0.026914889,0.0009560266,0.0010499125,0.03043247
0.033070788,0.02980524,0.0012572574,0.02126255
0.028155342,0.0015086726,0.0015094411,0.03202939
0.032589864,0.029093578,0.0014829312,0.021181222
0.027739767,0.00083737663,0.0009485007,0.03128891
0.033850983,0.029437648,0.0020524878,0.022865832
0.026641212,0.0015859765,0.00147871,0.029641047
0.033731773,0.029819831,0.0014536773,0.023161283
0.028583154,0.00094518217,0.0034790589,0.031327628
0.03249828,0.029456804,0.0013592897,0.02155886
0.028424414,0.0009313766,0.001237838,0.031904336
0.03310397,0.029211879,0.0010346883,0.022526884
0.027670406,0.0007489387,0.00086121506,0.03112781
0.033854235,0.030039692,0.001029619,0.02328146
0.0277896,0.0006881709,0.0008644903,0.031292226
0.033761572,0.030132182,0.0010296492,0.0229015
0.028492365,0.0007971936,0.0009558224,0.03196849
0.033566855,0.029951556,0.00088084646,0.022465624
0.029169656,0.0010604277,0.0010036705,0.032693878
0.033363745,0.029236909,0.0010575394,0.022774177
0.02812553,0.0006657924,0.00081687275,0.031605385
0.035007052,0.029982477,0.0023476481,0.02443915
0.027073732,0.0011076475,0.0015153547,0.030194882
0.018479364,0.029737726,0.0019418411,0.023516802
0.02985647,0.03260769,0.0024504769,0.023948863
0.026643058,0.027216656,0.03971145,0.03103993
0.030170381,0.031442273,0.0021605762,0.024206987
0.026240587,0.027523872,0.020842273,0.032249294
0.028752545,0.034100898,0.001738647,0.021364858
0.028816376,0.031227905,0.039199345,0.027672138
0.02859019,0.0322865,0.0022969947,0.020502625
0.02735583,0.029303163,0.021632498,0.026773917
0.02100582,0.02494479,0.041629385,0.03213474
0.027774652,0.028647397,0.016374972,0.027230931
0.02036137,0.025171025,0.023229538,0.032665133
0.0254021,0.027083855,0.031153612,0.02707517
0.00089971715,0.032830533,0.0013758107,0.022209954
0.026094181,0.028619608,0.03157447,0.02765439
0.0011070851,0.032152604,0.0018889789,0.022052709
0.025777163,0.028306326,0.03140643,0.027221285
0.0008536753,0.032793134,0.001265728,0.02247
0.025985796,0.027047612,0.03182667,0.026505873
0.0015534862,0.033526875,0.0019626399,0.023129284
0.025473401,0.027085014,0.031454135,0.02647702
0.00070308964,0.032613732,0.0011793,0.022199327
0.026546024,0.028662022,0.031011414,0.027023304
0.0011222773,0.032169957,0.0012723674,0.02202272
0.027130622,0.028928,0.031846203,0.027420856
0.0006745546,0.032473832,0.0011108235,0.022326207
0.02680422,0.028115327,0.03130274,0.026923325
0.0009010073,0.033698037,0.0009740393,0.023297252
0.026379349,0.027331121,0.03192773,0.02638378
0.0007035422,0.033973023,0.0015807294,0.023154166
0.026515909,0.028312951,0.031172635,0.026707662
0.00072557834,0.03200031,0.0010989194,0.021604672
0.026903054,0.028587772,0.03156447,0.026880639
0.0005999624,0.032641143,0.00071352697,0.0220805
0.027047655,0.028076269,0.032629285,0.02677621
0.00074609305,0.033510838,0.0008314974,0.022810517
0.026876666,0.027724009,0.03307493,0.026678856
0.00050396123,0.03360189,0.0006432054,0.02286711
0.026707184,0.02867481,0.032923657,0.027260756
0.0006334196,0.032849133,0.0007770741,0.022272367
0.027277019,0.029380763,0.03318171,0.027630715
0.0008042134,0.032789595,0.0010077142,0.022123246
0.02768737,0.029111236,0.03340606,0.027627965
0.00042893895,0.034078028,0.00083961675,0.023073172
0.027744373,0.027845748,0.034162685,0.026690725
0.0015913865,0.035068527,0.0023728232,0.023824956
0.025990486,0.027506974,0.032322507,0.026491042
0.00097221875,0.033014145,0.0009502341,0.022129832
0.02670756,0.029140359,0.032466426,0.027019918
0.00053388765,0.03251509,0.0006219664,0.02205667
0.026586518,0.028354103,0.033208884,0.02689191
0.00048642798,0.033514842,0.0007295506,0.02288875
0.026483849,0.02792205,0.03342311,0.026640179
0.00057938666,0.03362186,0.0006949872,0.023084596
0.026644498,0.028284814,0.033440657,0.026866151
0.00038259575,0.03302072,0.00050713186,0.022320975
0.0271605,0.028993933,0.033612397,0.027104331
0.00056586426,0.032458067,0.0007977211,0.022013547
0.027718125,0.029313425,0.033161685,0.027445594
0.0004750805,0.033161037,0.0004976066,0.022489447
0.02692738,0.028265435,0.032860603,0.026818186
0.0014280224,0.034977365,0.0006739717,0.024052886
0.026555406,0.027795054,0.03321076,0.026451306
0.0005992162,0.03347601,0.000822107,0.022495508
0.027390974,0.03042742,0.032919873,0.027570032
0.0014561298,0.032333378,0.0010316037,0.021647112
0.02630967,0.028713109,0.033056736,0.026931025
0.00057895726,0.034228437,0.0011545287,0.023246221
0.026144344,0.028438162,0.03306633,0.026800474
0.00056190556,0.033702843,0.00059703237,0.023233466
0.02662586,0.028597934,0.033553045,0.026980044
0.00035829132,0.033243697,0.0005399156,0.022542734
0.027505642,0.029616509,0.034192026,0.027504727
0.00089236547,0.032869957,0.0008829147,0.021899147
0.027793251,0.029168608,0.03399436,0.027210372
0.00073755335,0.033658188,0.00045563132,0.022663409
0.027200053,0.028013702,0.03360203,0.026478475
0.0008076949,0.034213204,0.00078739994,0.02322655
0.026569566,0.028339347,0.03383635,0.026668541
0.00027087514,0.03375554,0.00034466878,0.022571445
0.02723518,0.029859288,0.034331903,0.027484689
0.0004964273,0.033021953,0.0007578733,0.021919092
0.027298039,0.029470995,0.034478493,0.027363399
0.000372416,0.03394257,0.0004328105,0.022759702
0.026994295,0.028402384,0.03441669,0.026714234
0.00060370064,0.035216887,0.0009826123,0.023705304
0.026934464,0.028425384,0.035327934,0.02693919
0.0005193589,0.03428158,0.0006326454,0.022643153
0.027070856,0.029595299,0.03447626,0.027335666
0.0012419068,0.03299094,0.00086421554,0.021759385
0.027610406,0.030319693,0.03442371,0.027738474
0.0004550162,0.03330503,0.0006477555,0.021876115
0.026290292,0.027909735,0.033565048,0.026527425
0.0014325855,0.03487197,0.001661212,0.023268
0.026686177,0.028678214,0.032712307,0.026749976
0.0004983464,0.03313626,0.0006657293,0.022169812
0.026977818,0.029135903,0.034059837,0.027139101
0.00029993567,0.033701174,0.0003367754,0.022616364
0.02682122,0.028298192,0.033884607,0.026731972
0.0006162298,0.034242302,0.0005598903,0.023101343
0.026537834,0.028414145,0.03390192,0.026677212
0.00023644282,0.03382367,0.0002897525,0.022684008
0.027015142,0.029316448,0.034235984,0.027183482
0.00036546413,0.03316325,0.00062346354,0.02221177
0.027269097,0.029486755,0.034296583,0.027378129
0.00032183397,0.033503074,0.00046977558,0.022379134
0.02642759,0.028155291,0.034030348,0.026741035
0.0013794693,0.034946434,0.0012684434,0.023554096
0.026389653,0.027829936,0.034071993,0.026477082
0.00038686913,0.03388906,0.0004255344,0.022645451
0.027341522,0.030458437,0.034189407,0.02763842
0.0005828284,0.033087794,0.0008607746,0.02217443
0.02655321,0.028688049,0.03389888,0.026608057
0.0005897408,0.034145433,0.0005804474,0.022868836
0.026603403,0.028370403,0.033539217,0.026571738
0.00026188872,0.034032896,0.00030076064,0.022753438
0.027147159,0.029318813,0.03415704,0.027137605
0.00027976104,0.033540472,0.00033018162,0.022527847
0.027011916,0.029035036,0.033933647,0.02701095
0.0002703348,0.033898078,0.0002723896,0.022655383
0.027068116,0.028701631,0.034205124,0.0267647
0.000298632,0.033935107,0.0002744468,0.022697777
0.026768204,0.028741632,0.034112226,0.026817894
0.00043291203,0.033713184,0.00039869125,0.022667686
0.026941098,0.029215422,0.034255486,0.027058555
0.00054118666,0.03349749,0.000678582,0.022209238
0.027562417,0.029751122,0.034278054,0.027354408
0.0004238065,0.033278856,0.00061439635,0.022223622
0.026622169,0.028616711,0.03408093,0.02695862
0.005763061,0.036960352,0.0046102046,0.025157511
0.026328254,0.02847005,0.034704845,0.026416395
0.0008836816,0.016726717,0.0008705446,0.021828441
0.0011116136,0.03574757,0.028158074,0.015246377
0.0009916304,0.03016716,0.030217445,0.019150041
0.0014081976,0.017683733,0.027547142,0.014943409
0.012125182,0.04055646,0.029448181,0.013829596
0.0030679996,0.013728006,0.027101438,0.015506251
0.013522774,0.017969389,0.028693298,0.012740558
0.038748458,0.038008362,0.030627623,0.013983855
0.000459255,0.03748341,0.032186218,0.011545507
0.0014246455,0.041696284,0.028622026,0.013130489
0.0014905329,0.0052980054,0.001287481,0.021191323
0.011227168,0.013557393,0.027487947,0.015151215
0.01697602,0.008995087,0.027818086,0.011939931
0.008599481,0.006008348,0.030567015,0.012796621
0.03991491,0.036101747,0.034224175,0.013545004
0.021283135,0.038195867,0.035353128,0.012606927
0.00063375273,0.0058635464,0.03184196,0.010562593
0.02249936,0.015569845,0.036398225,0.013138103
0.032690953,0.039154407,0.0339557,0.012130734
0.022814078,0.009085952,0.03680735,0.013570287
0.03466241,0.01787263,0.036946543,0.014529396
0.03539667,0.038410623,0.036881544,0.016416226
0.03494401,0.008283395,0.034774426,0.013551843
0.03557615,0.0014583004,0.032652542,0.017053481
0.03412892,0.023727141,0.0114773745,0.019707916
0.030697566,0.013352495,0.027029974,0.027059972
0.02426419,0.0012114256,0.022351166,0.00092727307
0.026224742,0.02676202,0.026950007,0.0009246434
0.024275701,0.028139673,0.03058692,0.0008231292
0.028603047,0.03141783,0.023443958,0.0006527275
0.025419168,0.02874598,0.030504066,0.00047269516
0.027328555,0.031205237,0.023137895,0.00043649026
0.027035456,0.029634172,0.031016763,0.0007154794
0.027323797,0.031180762,0.023011196,0.00048275784
0.026362013,0.029309766,0.030768812,0.00054321863
0.03010282,0.03176768,0.023713486,0.00054002024
0.024342502,0.028229471,0.030432675,0.00076779607
0.030877165,0.032207016,0.02403009,0.00073349127
0.02687032,0.029408736,0.02997438,0.0010633317
0.026936099,0.031017026,0.022721745,0.00066154526
0.028805291,0.030508894,0.030733641,0.002348562
0.032437745,0.032789562,0.024762148,0.0013469611
0.02898949,0.030534863,0.031894006,0.0025942645
0.028467242,0.031803355,0.023005886,0.00068351306
0.023524104,0.028715782,0.030715054,0.0012170986
0.02898185,0.031335913,0.023381462,0.00041690102
0.027272817,0.029831078,0.03126733,0.0009877493
0.028826652,0.03179539,0.02345768,0.00029398908
0.025497388,0.02930659,0.03125775,0.00032973065
0.03016976,0.03216885,0.023988837,0.00028551967
0.026303114,0.029411208,0.031587727,0.00028268577
0.028923215,0.03190856,0.023699004,0.00023672973
0.026607456,0.029655486,0.03166446,0.0002814433
0.029866876,0.032208793,0.024064835,0.00022301472
0.02597121,0.029401548,0.031713195,0.000309922
0.030212833,0.032402888,0.02419761,0.00026231946
0.026613073,0.029594459,0.03152245,0.00031091223
0.02893252,0.0318831,0.023768784,0.0001783223
0.027702294,0.03007654,0.032030746,0.00054326735
0.029659206,0.032080244,0.02388888,0.00024858356
0.026359344,0.029429067,0.03204675,0.0002606557
0.031062476,0.032923754,0.024417099,0.0005856431
0.026294865,0.029275885,0.032257132,0.00057588884
0.030108951,0.03248565,0.023951996,0.00035180087
0.026933227,0.029668959,0.03179554,0.00057378784
0.029269889,0.032042082,0.023591056,0.00033181472
0.028893977,0.030754164,0.031798035,0.0015517964
0.027179766,0.031590123,0.022856342,0.0006761844
0.028946491,0.030714909,0.032185327,0.001233015
0.032454096,0.03342969,0.024831556,0.0006171116
0.025060937,0.028709494,0.03236493,0.0012966096
0.030336339,0.03191127,0.02397041,0.0004609873
0.02874441,0.030343615,0.031849917,0.0013339849
0.028527495,0.03180536,0.023324959,0.00067455583
0.025501158,0.029146757,0.031270146,0.00040213013
0.032014575,0.032769475,0.024421373,0.0006345012
0.026456434,0.029498003,0.031515528,0.00033102813
0.028568432,0.03155814,0.023372874,0.0003432993
0.02729345,0.029961564,0.03161344,0.00037866874
0.030639997,0.03218747,0.024016185,0.00019827091
0.025463933,0.029199447,0.031287216,0.0003217545
0.030721255,0.032206904,0.024037126,0.00023336528
0.027539423,0.029909344,0.031537093,0.00043411856
0.028839687,0.031731453,0.02348011,0.00033064533
0.026736336,0.029679075,0.031442173,0.00020679609
0.03161829,0.03268958,0.02428374,0.00035548623
0.024752067,0.02870788,0.031829175,0.0010074808
0.031692162,0.032564938,0.024346871,0.00049686496
0.028068148,0.030079242,0.03151496,0.0010711584
0.028674457,0.031319406,0.023301587,0.00056049565
0.027273059,0.029156493,0.030391484,0.00051677704
0.0327779,0.03289371,0.024849184,0.0012588504
0.027473936,0.02950314,0.030375466,0.00077983196
0.03132289,0.03226311,0.024271838,0.00070011267
0.027265204,0.02971681,0.030941434,0.0012305058
0.029719483,0.031927165,0.023530744,0.00051897805
0.027745577,0.030300641,0.03087183,0.0011609154
0.031072818,0.03252956,0.02383264,0.0006367136
0.025902413,0.029471511,0.030345285,0.00074524304
0.030255182,0.03205332,0.023682903,0.00053482404
0.026370745,0.029630877,0.030689413,0.00041920095
0.02933457,0.03172683,0.023568874,0.00015521076
0.026617391,0.029757744,0.031018175,0.00022446207
0.02979249,0.031909738,0.023799688,0.00018612153
0.025823079,0.029464211,0.030839995,0.00021877658
0.030544285,0.032090485,0.02413929,0.00018190459
0.026423063,0.02969925,0.031039044,0.00021137278
0.029377926,0.031819396,0.023733962,0.00016226196
0.027851973,0.030629037,0.031859502,0.0004393189
0.029015461,0.031903148,0.023498384,0.00036992115
0.027311085,0.03033293,0.032072898,0.00017276997
0.031709485,0.03292883,0.024429876,0.00011749787
0.024199154,0.029244417,0.032033112,0.0013238799
0.032991108,0.03318759,0.024943095,0.0006527002
0.029785285,0.03216082,0.032681398,0.0023930718
0.027185753,0.031722117,0.023463115,0.0026059924
0.024068935,0.028974514,0.030830417,0.0009600625
0.030495752,0.031706177,0.023723098,0.00094056746
0.026343752,0.029870456,0.03156728,0.0004091415
0.027760468,0.0320754,0.023364501,0.0011004463
0.023723537,0.029199708,0.031981226,0.001209397
0.027663382,0.032038115,0.02302195,0.0011108341
0.02426873,0.029265307,0.031578746,0.0007451429
0.029085895,0.032108493,0.02354251,0.00042147294
0.026098782,0.02973931,0.03146149,0.00037837168
0.029400395,0.03196734,0.023708696,0.00018923632
0.02520801,0.02949804,0.031451017,0.00036839265
0.029211216,0.03195358,0.02358099,0.00017865979
0.025998997,0.029759597,0.031622417,0.00017267086
0.029145006,0.032025523,0.023586959,0.000102392274
0.025587464,0.029487599,0.031788766,0.00014839621
0.02972924,0.03213408,0.023735642,9.818036e-05
0.02602586,0.02974764,0.0318391,0.00016540277
0.029419892,0.032146975,0.023665702,0.00011792887
0.026359968,0.03003503,0.032043666,0.00014182329
0.029883325,0.032409426,0.023820031,7.9177276e-05
0.02593138,0.029866854,0.032361254,0.00022256766
0.029574787,0.032535058,0.023909168,0.00023638699
0.026236111,0.029952563,0.03230639,0.00043870858
0.030475307,0.03253704,0.024021607,0.00018182666
0.025605759,0.029690627,0.032245036,0.00038452836
0.029236704,0.03227356,0.023804534,0.00026742363
0.025820473,0.029763246,0.032832563,0.0006977299
0.028704813,0.032298516,0.023735382,0.0011212553
0.024670457,0.02912298,0.031722054,0.0021852497
0.028837547,0.032281153,0.023577662,0.0006321761
0.024593644,0.029049335,0.031719342,0.000952033
0.028898075,0.03165434,0.023693483,0.00062679005
0.0255051,0.029357377,0.031801306,0.00048463
0.028535813,0.031633288,0.02339172,0.0005309795
0.025799096,0.029681155,0.031911336,0.0003607469
0.029403092,0.031982142,0.023493329,0.0004042979
0.025422797,0.029558025,0.031634253,0.0003728778
0.02958263,0.032084156,0.023575654,0.0002862057
0.02629862,0.029806236,0.031301238,0.00028047795
0.029177243,0.031741276,0.0234718,0.00032430422
0.026230171,0.029799936,0.031442177,0.00017293505
0.030945048,0.032332458,0.023992907,0.00012233747
0.025248818,0.029466832,0.03182688,0.0003251087
0.029515142,0.031998016,0.023614166,0.00021211887
0.029462164,0.03143146,0.032246426,0.0012056024
0.029049832,0.03211326,0.023386246,0.0007021168
0.023799293,0.029133704,0.032051787,0.003022052
0.029843025,0.03210833,0.023078004,0.0007599374
0.02713476,0.030323545,0.031667404,0.0007009062
0.027564637,0.03228007,0.02314563,0.0006832037
0.024022955,0.029219756,0.031402215,0.0007415706
0.028285723,0.03161106,0.02291778,0.0004972806
0.02608268,0.029556554,0.03103865,0.00027562122
0.028008584,0.031853825,0.023195462,0.00041038325
0.024677062,0.028979976,0.03146921,0.00023339603
0.02980362,0.03199546,0.023427226,0.00018827178
0.025727123,0.029466536,0.031958826,0.00018253541
0.028607119,0.03174477,0.023266528,0.000251738
0.026364438,0.02985389,0.03133343,0.00019405816
0.030094549,0.0322043,0.023592312,9.741592e-05
0.02458228,0.029445574,0.03219352,0.0008500172
0.029311944,0.031464674,0.023413518,0.000285306
0.025731368,0.02961981,0.031327527,0.0003312766
0.028609501,0.031416766,0.023411416,0.00066113874
0.025067478,0.0291708,0.03111454,0.0003481015
0.030753799,0.03170496,0.023877427,0.00051684945
0.025712432,0.0294954,0.031318445,0.0004156368
0.02875118,0.0316429,0.023620032,0.00044197583
0.025924437,0.02954955,0.031271856,0.00027607614
0.030610276,0.032227106,0.023894334,0.00031697965
0.025198849,0.029536132,0.031466566,0.00033539956
0.028682293,0.03169658,0.023495454,0.0002101909
0.026618358,0.02998638,0.03154383,0.0003256203
0.029707585,0.03228945,0.023625655,0.00013115662
0.023958735,0.029147014,0.0321164,0.00086904736
0.02816065,0.03148612,0.023632003,0.00034987205
0.026274046,0.02964899,0.030512773,0.00061974855
0.028631205,0.0317833,0.023440855,0.00039024054
0.023563258,0.029196084,0.031894524,0.0007673928
0.028377265,0.030778417,0.023403864,0.0006456402
0.025937766,0.028833115,0.031189524,0.0005458661
0.029878767,0.03195542,0.02357607,0.00020675387
0.02429378,0.029036384,0.03175263,0.00043768715
0.028502325,0.03148883,0.023384755,0.00019627994
0.025738668,0.029445978,0.031750128,0.00018144585
0.029396836,0.031984836,0.023559507,0.0001023138
0.02501929,0.029358957,0.03194701,0.00029316105
0.029430222,0.031971857,0.023645818,0.00010211415
0.026047472,0.029832143,0.03195032,0.00011086483
0.02898916,0.032034118,0.023614474,0.00018106308
0.025429526,0.029557247,0.032112543,0.00012339558
0.029621672,0.03222144,0.023811083,0.00016519817
0.025647976,0.029926801,0.032192726,0.00020009911
0.029076505,0.032450154,0.02370859,0.00025087444
0.025156869,0.030182391,0.032923292,0.000319321
0.028707724,0.032663018,0.023700397,0.00070987944
0.025184521,0.029967498,0.032442406,0.00055212254
0.028783979,0.032364037,0.023333374,0.00064518186
0.023655018,0.029103655,0.031798758,0.0015269819
0.02726521,0.03065995,0.023327993,0.00088913896
0.024308471,0.029369954,0.02954142,0.00061895
0.027717799,0.031006103,0.023530789,0.0005429968
0.024270914,0.028883293,0.030930424,0.0005252054
0.030304953,0.031940185,0.023730561,0.0004262407
0.025807776,0.029835416,0.03158246,0.00019918852
0.027995043,0.031671047,0.023450466,0.0002760212
0.025117101,0.029179437,0.031136855,0.00013887043
0.030453747,0.032090146,0.023844391,0.00017404661
0.026009016,0.02976695,0.031283397,0.000117272684
0.027600609,0.03145794,0.023373157,0.000219852
0.025160436,0.029421994,0.031002108,9.111545e-05
0.032036293,0.032707144,0.02426695,0.000517798
0.025985572,0.030039275,0.031330097,0.0002707551
0.02799023,0.031463448,0.023599954,0.0003168572
0.025338907,0.029644568,0.03103311,0.000114682676
0.030716307,0.03227014,0.023885082,0.00013339931
0.0260117,0.02975917,0.031151613,7.946528e-05
0.028629381,0.0317396,0.023583084,7.692582e-05
0.026143664,0.029924557,0.03114333,0.00013920586
0.030307645,0.032179404,0.02387929,0.00014185574
0.025337737,0.029441414,0.031090286,7.333787e-05
0.029278599,0.031849433,0.023709139,5.2427768e-05
0.027049407,0.029757228,0.031518217,0.00043165206
0.030146584,0.032290466,0.023944167,9.7548e-05
0.025298947,0.028896447,0.030962825,0.00021789785
0.03127128,0.03257908,0.024218,0.00049899396
0.027639586,0.030339636,0.031652804,0.0009949472
0.029265989,0.031821467,0.023727192,0.00027475265
0.027605558,0.030228654,0.031454075,0.0007097715
0.03155627,0.032452103,0.02435468,0.0004732828
0.027512016,0.030622419,0.031134376,0.0013339035
0.030814897,0.03261862,0.024165852,0.0005987535
0.025975728,0.030068628,0.030662637,0.0004706105
0.028794449,0.03168819,0.023436993,0.00020998153
0.026475979,0.03026768,0.030385513,0.00053332944
0.029160615,0.03192263,0.023614,0.00010395675
0.024788028,0.029500887,0.030482532,0.00022390485
0.029914182,0.032042466,0.023644311,0.00020465725
0.02671775,0.030052874,0.030873455,0.0003103217
0.027488252,0.03159952,0.02328308,0.00034715582
0.025081754,0.029311057,0.031074692,0.00017144471
0.03155653,0.03283574,0.024122246,0.00036499035
0.025629582,0.03029088,0.031302217,0.00020952261
0.027142834,0.031617507,0.023319203,0.0004935849
0.02593288,0.029663773,0.030962965,0.00023601124
0.031256188,0.03302203,0.024201302,0.0006382324
0.024793442,0.029811116,0.031385615,0.00026400445
0.026861042,0.031802665,0.023493819,0.0006346415
0.02511818,0.029266048,0.0311152,0.00042864738
0.030862764,0.032862727,0.0239498,0.00024006193
0.025119923,0.02967965,0.031560697,0.00016217984
0.027686011,0.03145732,0.023348635,0.00015012456
0.025349304,0.02930124,0.030582748,0.00024101048
0.030191611,0.032186702,0.023811946,0.00027733255
0.024181709,0.029451132,0.030769426,0.00029446778
0.027355101,0.03136695,0.023619745,0.00037440314
0.024615994,0.02930765,0.03042864,0.00043127916
0.028877486,0.03202021,0.023758337,0.00031264208
0.023503311,0.029943706,0.031808734,0.0009340539
0.02623924,0.03195682,0.023727704,0.0016069335
0.021916565,0.028892146,0.031791653,0.0017687964
0.025387272,0.03387278,0.023644617,0.001891212
0.024496596,0.030109352,0.029603867,0.0014975257
0.027690222,0.027838508,0.0281762,0.001141888
0.022657419,0.030816436,0.030898847,0.0011752411
0.02257638,0.031710286,0.023226922,0.0028923948
0.021881191,0.029011391,0.028011141,0.0018474105
0.024170192,0.025950717,0.025260778,0.00091955834
0.023236418,0.019192215,0.026819823,0.0023773883
0.022276012,0.027261987,0.025785469,0.0030507403
0.022994656,0.01923239,0.026915658,0.0010833405
0.02469948,0.026878115,0.025584785,0.0004486034
0.02376288,0.019639166,0.027046554,0.0001748497
0.025683891,0.026818346,0.026372887,0.00015865843
0.024633903,0.020314911,0.027662208,0.00011603799
0.025771782,0.02708327,0.026473718,0.00012363258
0.024333024,0.020005928,0.027492465,7.017171e-05
0.02532103,0.026989298,0.026231218,7.142067e-05
0.02416762,0.019870717,0.027420098,5.824357e-05
0.025265751,0.027015064,0.026238006,6.319181e-05
0.024243359,0.019908689,0.027517226,4.8481783e-05
0.025449198,0.027098333,0.026362658,5.2128322e-05
0.024363367,0.020021347,0.027612343,4.3247186e-05
0.025547571,0.027147558,0.026417445,4.669485e-05
0.024376832,0.020030666,0.027614322,3.87543e-05
0.025526192,0.02716392,0.0264325,4.215993e-05
0.02436814,0.0200064,0.02763962,3.5730696e-05
0.025510272,0.0271927,0.026446767,3.8834492e-05
0.024379496,0.020013126,0.027668022,3.2706186e-05
0.025560755,0.027224056,0.026499461,3.5780533e-05
0.02442531,0.020054104,0.027709888,3.0263172e-05
0.025602449,0.027257431,0.026528753,3.3332653e-05
0.024445139,0.020075757,0.027724935,2.8259577e-05
0.02563693,0.02729762,0.026554435,3.1240153e-05
0.02446571,0.020093787,0.02775522,2.6425052e-05
0.02564859,0.027307646,0.026572777,2.9411924e-05
0.024484986,0.020116936,0.027781866,2.4844048e-05
0.025669549,0.027342897,0.026603654,2.764756e-05
0.02448152,0.02011502,0.027779117,2.3669367e-05
0.02568203,0.02736738,0.026625657,2.6500926e-05
0.024524089,0.02014683,0.027819494,2.2380931e-05
0.02571192,0.027382178,0.026644897,2.487538e-05
0.024530105,0.020154854,0.027818084,2.2035032e-05
0.025767524,0.027426641,0.026680423,2.4707053e-05
0.024588162,0.020196455,0.027842505,2.1258358e-05
0.0257545,0.027420938,0.026685223,2.4487126e-05
0.024578918,0.020190112,0.027844854,2.2708975e-05
0.02575012,0.027412334,0.026729008,2.6968357e-05
0.024602663,0.020224022,0.027849488,2.2317381e-05
0.025797518,0.02741539,0.026791679,3.0324878e-05
0.024626512,0.020247182,0.027881319,3.2536173e-05
0.025759367,0.027344968,0.026751101,5.727525e-05
0.024705224,0.020270541,0.027888607,4.4193162e-05
0.025746146,0.02726113,0.026854824,7.2145536e-05
0.024576187,0.020266514,0.02784175,5.1439e-05
0.025655432,0.027239313,0.026771678,0.00010030148
0.024645565,0.020353442,0.027971422,7.899414e-05
0.0259118,0.027275225,0.026944429,7.686176e-05
0.02464765,0.020371266,0.02777967,0.00011062725
0.025751555,0.027050674,0.026598072,0.00010954179
0.024464797,0.020125486,0.027663242,9.079457e-05
0.02565036,0.027107328,0.026481811,7.662056e-05
0.024405664,0.020188233,0.027672147,9.574549e-05
0.02549977,0.02729087,0.026467964,6.12643e-05
0.0244863,0.02022597,0.027643343,0.00014218556
0.025989065,0.027671086,0.026715046,9.5528696e-05
0.024326494,0.020156264,0.027541997,5.2013034e-05
0.025862362,0.027397562,0.026582208,0.0001327395
0.02480453,0.020572415,0.027858973,0.00011244274
0.025442505,0.027514782,0.026242167,0.00014157634
0.025017653,0.020817686,0.028305514,0.00016913845
0.025638895,0.0273944,0.02633167,0.00021279817
0.024395032,0.020231348,0.027614474,0.0002944814
0.02738072,0.028256409,0.027551904,0.00047438336
0.024455821,0.020643786,0.027472695,0.0001955143
0.025584154,0.027191702,0.026257996,0.00018535831
0.02493154,0.021351216,0.027993534,0.00023360043
0.025805902,0.027038507,0.026311332,0.0003969455
0.024974229,0.021039557,0.027625158,0.00033378135
0.026852656,0.027178358,0.027303569,0.00056284457
0.027522277,0.033087976,0.030206313,0.0011799443
0.028203811,0.027894543,0.028308932,0.0007366852
0.027579464,0.034829143,0.02935586,0.0012770189
0.026178978,0.027029645,0.027464062,0.00049638265
0.025637863,0.031717133,0.029693723,0.00028682
0.025834706,0.027604125,0.026823182,0.00014977521
0.024877988,0.021303417,0.027802002,6.486034e-05
0.025930416,0.027624093,0.026905444,0.00010351139
0.024870384,0.021292944,0.027837329,5.1467905e-05
0.025838401,0.027726088,0.02678116,3.447273e-05
0.0253649,0.021821845,0.028218448,4.891971e-05
0.025757698,0.027700359,0.026728118,4.615335e-05
0.025021505,0.021286711,0.028005015,3.7104594e-05
0.026723007,0.027975297,0.027559651,0.0001585891
0.02424291,0.020595236,0.02744896,0.000119584336
0.026139323,0.027561957,0.027176803,0.00015895414
0.025643816,0.022949766,0.028467434,0.00021271374
0.025380738,0.027269825,0.026243323,0.0003243264
0.024933314,0.021510726,0.027846942,0.00017839353
0.028188158,0.028230935,0.028205782,0.0006303587
0.024615904,0.02149595,0.027473291,0.00022796441
0.025774365,0.027208528,0.026470557,0.00028572924
0.02619708,0.0239328,0.029190471,0.00064319576
0.027822645,0.028032979,0.027714198,0.0011783538
0.025132546,0.022083726,0.027387612,0.00019349676
0.026123809,0.027336236,0.026901135,0.00028737067
0.026312975,0.023441384,0.02894032,0.0007210451
0.028851623,0.029114317,0.029503495,0.0006422902
0.026939321,0.03228663,0.029852062,0.0003738069
0.027263442,0.02781671,0.027551772,0.00052795187
0.025941165,0.023370856,0.028285228,0.00020363955
0.025895521,0.02769471,0.026417967,0.00020859644
0.024770364,0.021461342,0.027816437,0.00010608607
0.027245713,0.028290102,0.027524048,0.00029652056
0.025007538,0.021855513,0.027905587,9.4802366e-05
0.025546802,0.02774905,0.026383035,0.0001543276
0.02515886,0.021749105,0.028187612,9.781462e-05
0.027204914,0.028350437,0.027440947,0.00015030183
0.024501253,0.021155972,0.027678635,7.655589e-05
0.025871389,0.027816726,0.026693719,5.562963e-05
0.025947502,0.022872247,0.02879958,0.00024476813
0.026607309,0.027974412,0.027228553,8.086734e-05
0.024476007,0.021202857,0.02772525,6.684696e-05
0.027263343,0.028185958,0.027545981,0.00034381426
0.026064554,0.02374747,0.028601281,0.00024365788
0.02598561,0.02775056,0.026476987,0.00043828355
0.02431235,0.020685332,0.027521363,0.00012797468
0.02666893,0.027891863,0.027224084,0.0003371862
0.025679702,0.022759167,0.028197648,0.00019746929
0.025682893,0.02768633,0.026485223,0.00011632385
0.024660664,0.021479899,0.027745498,5.6418678e-05
0.027504442,0.028181177,0.027404996,0.0002916608
0.025588565,0.023169557,0.028272571,0.00030274014
0.026168369,0.02774724,0.026469892,6.0114024e-05
0.024856746,0.021753289,0.02784887,0.00012188488
0.027688881,0.028271943,0.027766058,0.00044460068
0.025212541,0.02246271,0.027734976,0.00011846551
0.026093172,0.027719855,0.026560258,5.916273e-05
0.025321674,0.02234167,0.028156698,0.00013718694
0.027279414,0.02835733,0.027443718,9.2530216e-05
0.024686517,0.021575049,0.027519152,7.025434e-05
0.026361033,0.027989317,0.0267909,0.00012283734
0.025854852,0.022899514,0.028467394,0.00047321385
0.027231885,0.028210413,0.027380407,0.00028845237
0.024747359,0.021847546,0.02769672,9.629968e-05
0.026532426,0.027861755,0.027003247,0.0001626978
0.02579185,0.023292413,0.028461078,0.00022959746
0.026711902,0.02791739,0.027240636,0.00016361926
0.025175951,0.022492122,0.02789419,7.79001e-05
0.027250469,0.027888302,0.027655795,0.00031882405
0.025611343,0.02295059,0.028015994,0.00014878188
0.027103277,0.027811583,0.027038347,0.0001657647
0.025556043,0.022857834,0.027965344,0.00014247387
0.027933814,0.028479656,0.027617067,0.0003368932
0.02549294,0.022698643,0.02796801,0.00013148527
0.026718035,0.02768258,0.026883082,0.00020310821
0.026021374,0.02353977,0.028534383,0.00043530564
0.026836297,0.027899586,0.027117064,0.00020456786
0.024617773,0.02146016,0.027778622,0.00020450693
0.02708465,0.028158946,0.02754918,0.0004010255
0.025637401,0.023307504,0.02836699,0.0001347117
0.025639862,0.02801045,0.026596177,0.00022245348
0.025365517,0.022779401,0.028395515,0.00025002024
0.027799629,0.028638411,0.028177604,0.00027969966
0.024496093,0.021396108,0.027573064,0.0002370467
0.024704836,0.026963193,0.026696373,0.00025188332
0.025695978,0.023798902,0.028800962,0.000600415
0.028150551,0.028198503,0.028058918,0.00048938347
0.02421118,0.021251231,0.026935868,0.00040574602
0.025387106,0.027016062,0.026087586,0.00027902075
0.026015934,0.023901545,0.02847693,0.00084349484
0.0285641,0.028571647,0.027908383,0.0007205277
0.026243452,0.024045223,0.028132515,0.00022290161
0.02770343,0.028219614,0.027344175,0.0002118398
0.025873909,0.023749264,0.028046956,0.00017080494
0.027424313,0.02810391,0.027134897,0.00025986132
0.026171148,0.024340108,0.028189773,0.00025745732
0.027687935,0.028381066,0.027619872,0.0001828437
0.025584491,0.023544563,0.027983189,0.0001271585
0.026678495,0.02813005,0.026947858,8.828717e-05
0.025267934,0.022728566,0.027879799,6.3373824e-05
0.026709376,0.028265476,0.026959663,5.7735808e-05
0.025426723,0.022955788,0.028057355,3.020684e-05
0.026567906,0.028301274,0.026883716,3.3688128e-05
0.025451737,0.022830604,0.028048027,3.5211822e-05
0.026796706,0.028416835,0.027065251,2.1496773e-05
0.025413098,0.02280033,0.028010217,2.303673e-05
0.026625933,0.028373655,0.027021334,1.5926664e-05
0.025664255,0.023319513,0.028176125,2.723662e-05
0.02659789,0.028347194,0.026942857,2.8658784e-05
0.025351666,0.022707447,0.028028721,1.334626e-05
0.026944248,0.02844164,0.02718573,3.5379442e-05
0.025338987,0.022767805,0.028030222,2.5587346e-05
0.026494121,0.02831734,0.026967738,1.7635459e-05
0.02587714,0.023509655,0.028321587,4.3077183e-05
0.026544994,0.028253736,0.026902432,5.7748697e-05
0.025204465,0.022219341,0.027870286,4.630939e-05
0.027564658,0.028626468,0.02772387,0.0002147817
0.02500976,0.022507712,0.02782878,6.9635724e-05
0.024948405,0.027745638,0.026185255,0.00039352395
0.025422744,0.023367839,0.028375486,0.00025566787
0.026058966,0.027966632,0.02658855,0.00029715546
0.024675276,0.021639965,0.02805013,0.00045002397
0.025257822,0.028032925,0.026362263,0.00026299505
0.02563035,0.022919565,0.028565189,0.00023031597
0.025799831,0.0279821,0.026586808,0.00013509998
0.024606865,0.022009686,0.027844617,0.0001170014
0.026396949,0.028152259,0.027212424,0.00019805733
0.024974125,0.022931106,0.028276458,0.0001131261
0.024924457,0.02791975,0.02666428,0.00025435947
0.024970857,0.022403045,0.028366795,5.3078857e-05
0.02650455,0.028144192,0.027621623,0.0002329951
0.024538849,0.02248934,0.028115636,0.0001634076
0.02517025,0.028510353,0.026877047,0.00040820774
0.025423495,0.02292747,0.028572563,8.8234876e-05
0.026167363,0.028777916,0.027392792,0.00029217548
0.025736338,0.023516273,0.028499514,0.0002663477
0.02634828,0.028968608,0.02730451,0.00038750222
0.025531948,0.023325738,0.028639803,0.00065629417
0.026406066,0.029626632,0.026700176,0.0007793893
0.025879877,0.022133093,0.028625535,0.00021858572
0.025919843,0.028841883,0.027055059,0.00018432674
0.026166908,0.023737142,0.028337816,0.00017071638
0.026719594,0.029123036,0.027201094,0.00019469566
0.026016027,0.024374474,0.028369771,0.000100335965
0.027271813,0.029200688,0.027378518,9.340696e-05
0.026243147,0.024924595,0.028402902,3.902929e-05
0.026735812,0.029037377,0.027016725,6.611192e-05
0.025972625,0.024281194,0.028244149,4.6971894e-05
0.027378311,0.02907236,0.027415134,3.2102795e-05
