Linear_Agent_Pos_2384_959: 1044.1230258437192
Random_Agent_Pos_2384_959: 264.8343466922395
