Linear_Agent_Pos_831_792: 1123.9062461536926
Random_Agent_Pos_831_792: 901.2648597385635
Curiosity_Brain_PriorityMem32_ImgSize64_NovMSE_Train1_Lrate0.001_Agent_Pos_831_792: 79.57291142625753
Curiosity_Brain_PriorityMem32_ImgSize64_NovMSE_Train1_Lrate0.0005_Agent_Pos_831_792: 79.57291142625753
Curiosity_Brain_PriorityMem32_ImgSize64_NovMSE_Train2_Lrate0.001_Agent_Pos_831_792: 79.57291142625753
Curiosity_Brain_PriorityMem32_ImgSize64_NovMSE_Train2_Lrate0.0005_Agent_Pos_831_792: 79.57291142625753
Curiosity_Brain_PriorityMem32_ImgSize64_NovMSE_Train3_Lrate0.001_Agent_Pos_831_792: 79.57291142625753
Curiosity_Brain_PriorityMem32_ImgSize64_NovMSE_Train3_Lrate0.0005_Agent_Pos_831_792: 79.57291142625753
Curiosity_Brain_PriorityMem32_ImgSize64_NovMSE_Train4_Lrate0.001_Agent_Pos_831_792: 79.57291142625753
Curiosity_Brain_PriorityMem32_ImgSize64_NovMSE_Train4_Lrate0.0005_Agent_Pos_831_792: 79.57291142625753
Curiosity_Brain_PriorityMem32_ImgSize64_NovMAE_Train1_Lrate0.001_Agent_Pos_831_792: 79.57291142625753
Curiosity_Brain_PriorityMem32_ImgSize64_NovMAE_Train1_Lrate0.0005_Agent_Pos_831_792: 79.57291142625753
Curiosity_Brain_PriorityMem32_ImgSize64_NovMAE_Train2_Lrate0.001_Agent_Pos_831_792: 79.57291142625753
Curiosity_Brain_PriorityMem32_ImgSize64_NovMAE_Train2_Lrate0.0005_Agent_Pos_831_792: 79.57291142625753
Curiosity_Brain_PriorityMem32_ImgSize64_NovMAE_Train3_Lrate0.001_Agent_Pos_831_792: 79.57291142625753
Curiosity_Brain_PriorityMem32_ImgSize64_NovMAE_Train3_Lrate0.0005_Agent_Pos_831_792: 79.57291142625753
Curiosity_Brain_PriorityMem32_ImgSize64_NovMAE_Train4_Lrate0.001_Agent_Pos_831_792: 79.57291142625753
Curiosity_Brain_PriorityMem32_ImgSize64_NovMAE_Train4_Lrate0.0005_Agent_Pos_831_792: 79.57291142625753
Curiosity_Brain_PriorityMem64_ImgSize64_NovMSE_Train1_Lrate0.001_Agent_Pos_831_792: 79.57291142625753
Curiosity_Brain_PriorityMem64_ImgSize64_NovMSE_Train1_Lrate0.0005_Agent_Pos_831_792: 79.57291142625753
Curiosity_Brain_PriorityMem64_ImgSize64_NovMSE_Train2_Lrate0.001_Agent_Pos_831_792: 79.57291142625753
Curiosity_Brain_PriorityMem64_ImgSize64_NovMSE_Train2_Lrate0.0005_Agent_Pos_831_792: 79.57291142625753
