Linear_Agent_Pos_831_792: 1123.9062461536926
Random_Agent_Pos_831_792: 901.2648597385635
