Linear_Agent_Pos_859_619: 945.610182756482
Random_Agent_Pos_859_619: 1113.7599412669488
