1289,820
1281,828
1289,820
1297,812
1305,804
1313,796
1321,788
1329,780
1337,772
1345,764
1337,756
1329,748
1321,740
1313,732
1305,724
1297,716
1289,708
1281,700
1273,692
1281,684
1289,676
1281,668
1273,660
1281,668
1273,660
1265,668
1273,676
1281,684
1273,692
1265,684
1273,692
1265,700
1273,692
1265,700
1257,692
1265,684
1257,692
1249,700
1257,692
1249,700
1241,692
1249,684
1257,692
1249,700
1257,708
1265,700
1257,692
1249,700
1257,708
1265,716
1273,708
1281,700
1289,692
1281,684
1273,692
1265,700
1273,692
1265,700
1257,708
1249,716
1257,708
1249,716
1257,708
1249,716
1241,708
1249,700
1257,692
1249,700
1241,708
1233,700
1241,692
1249,700
1241,708
1233,716
1241,708
1233,716
1225,708
1217,700
1209,692
1201,684
1193,692
1185,700
1177,692
1169,700
1177,692
1169,684
1177,692
1169,684
1177,692
1169,684
1177,692
1169,700
1161,692
1169,684
1161,676
1169,684
1161,676
1169,684
1161,676
1169,684
1161,676
1169,684
1177,692
1185,684
1177,692
1169,700
1161,692
1169,684
1177,692
1169,700
1177,708
1169,700
1161,692
1169,684
1177,692
1169,700
1177,708
1169,700
1177,708
1169,700
1177,708
1169,716
1161,708
1153,700
1145,692
1137,684
1129,692
1137,684
1145,676
1153,684
1161,692
1169,700
1177,692
1185,684
1193,676
1185,684
1177,676
1185,684
1177,692
1185,700
1177,692
1185,700
1177,708
1169,700
1177,692
1169,684
1177,692
1169,700
1177,692
1185,684
1177,676
1185,684
1193,692
1201,684
1209,692
1217,684
1225,692
1233,684
1241,676
1249,684
1257,692
1265,700
1257,692
1265,684
1273,692
1265,700
1257,708
1249,700
1257,708
1249,716
1257,708
1249,716
1241,708
1249,700
1257,708
1249,716
1257,724
1265,716
1273,708
1265,700
1257,708
1265,716
1257,724
1249,732
1257,724
1249,732
1257,724
1249,732
1241,740
1249,732
1241,740
1233,748
1225,756
1217,764
1209,756
1201,748
1193,756
1185,748
1193,756
1185,764
1177,756
1169,764
1161,772
1153,780
1161,772
1153,780
1145,788
1137,796
1129,804
1121,812
1113,804
1105,812
1097,820
1089,812
1081,820
1073,828
1081,820
1073,828
1065,820
1057,828
1065,820
1057,828
1065,820
1057,828
1065,820
1073,828
1065,836
1073,828
1065,836
1073,828
1065,836
1073,828
1065,836
1073,828
1081,836
1073,828
1081,836
1073,828
1065,836
1073,828
1081,836
1089,828
1081,820
1073,828
1065,836
1073,828
1081,836
1089,828
1081,820
1073,828
1081,836
1089,828
1081,836
1073,828
1065,820
1057,828
1049,836
1057,828
1065,836
1057,844
1065,836
1057,844
1065,836
1057,844
1065,836
1073,844
1081,836
1089,828
1097,820
1089,828
1081,836
1073,844
1065,836
1073,828
1081,820
1073,828
1081,836
1073,844
1065,836
1073,844
1065,836
1073,844
1081,836
1073,844
1065,836
1073,844
1065,836
1073,844
1065,836
1073,844
1065,836
1073,844
1065,836
1073,844
1065,836
1073,844
1065,836
1073,844
1065,836
1073,844
1065,836
1073,844
1065,852
1073,844
1081,836
1073,828
1081,820
1073,828
1081,836
1073,844
1065,836
1057,844
1065,836
1073,844
1065,836
1073,844
1065,852
1073,844
1065,836
1073,828
1081,820
1089,828
1097,820
1089,828
1081,836
1073,828
1081,836
1073,844
1065,836
1073,828
1081,836
1073,844
1065,836
1073,844
1065,836
1073,844
1065,852
1073,844
1065,852
1073,844
1065,852
1073,844
1065,836
1073,828
1081,836
1089,828
1097,820
1089,828
1081,836
1073,844
1081,852
1073,844
1081,836
1089,828
1097,836
1089,828
1081,836
1073,844
1081,836
1073,844
1081,852
1073,844
1065,852
1073,844
1081,836
1089,828
1081,836
1073,844
1081,852
1073,844
1065,852
1073,844
1065,852
1073,844
1065,836
1073,828
1081,836
1073,828
1081,836
1073,844
1065,836
1073,844
1081,836
1073,844
1065,852
1073,844
1081,836
1073,844
1065,836
1073,844
1081,836
1073,844
1065,852
1073,844
1065,852
1073,844
1081,836
1073,828
1081,836
1073,844
1081,836
1073,844
1065,852
1073,844
1081,836
1073,828
1081,836
1073,844
1065,836
1073,828
1081,820
1073,828
1081,836
1089,844
1081,836
1073,844
1081,836
1073,844
1081,836
1073,844
1065,852
1073,844
1065,852
1073,844
1065,836
1073,828
1081,820
1073,828
1081,836
1089,828
1097,820
1089,828
1081,836
1073,844
1065,836
1073,844
1065,852
1073,844
1065,852
1073,844
1065,852
1073,844
1065,852
1073,844
1065,852
1073,844
1065,852
1073,844
1065,852
1073,844
1065,852
1073,844
1065,852
1073,844
1065,852
1073,860
1065,852
1057,844
1065,836
1073,844
1081,836
1089,844
1081,836
1089,844
1081,836
1073,844
1065,836
1073,844
1065,836
1073,844
1081,836
1089,828
1097,820
1089,828
1097,836
1089,828
1081,836
1089,828
1081,836
1073,844
1081,852
1073,844
1081,836
1089,828
1081,836
1089,844
1081,836
1073,844
1065,836
1057,828
1065,820
1073,812
1065,820
1073,828
1081,820
1073,828
1081,836
1073,828
1081,836
1073,844
1065,836
1073,828
1081,836
1073,844
1065,836
1073,844
1065,852
1073,844
1081,836
1073,844
1065,852
1073,844
1081,852
1073,844
1081,836
1089,828
1097,820
1105,812
1097,820
1089,828
1097,836
1089,828
1081,836
1073,828
1081,820
1073,828
1081,836
1089,828
1081,836
1073,844
1081,852
1073,844
1081,852
1073,844
1065,852
1073,844
1081,836
1073,828
1081,836
1073,828
1081,836
1089,828
1097,836
1089,828
1097,836
1089,844
1081,836
1089,828
1081,836
1073,828
1081,836
1073,844
1065,836
1057,828
1065,836
1073,844
1065,836
1073,844
1081,836
1089,828
1081,820
1089,828
1081,836
1073,844
1065,836
1073,828
1081,820
1089,828
1081,836
1073,844
1081,836
1089,828
1081,836
1073,844
1065,852
1073,844
1081,852
1073,844
1065,836
1073,844
1065,836
1073,844
1065,852
1057,844
1049,836
1057,828
1065,836
1073,844
1065,836
1073,844
1065,852
1057,844
1065,852
1057,860
1065,852
1073,860
1065,852
1073,860
1065,852
1073,860
1065,852
1057,860
1049,852
1057,844
1065,836
1073,828
1065,820
1073,828
1081,820
1073,828
1081,836
1089,828
1097,836
1089,828
1097,836
1089,844
1081,836
1073,828
1081,836
1073,844
1081,836
1073,828
1081,820
1073,828
1081,836
1073,844
1065,836
1073,828
1081,820
1073,828
1081,836
1073,828
1081,836
1073,844
1065,852
1057,844
1065,852
1073,844
1065,852
1073,860
1065,852
1057,844
1065,836
1073,844
1081,852
1073,844
1065,836
1073,844
1065,852
1073,844
1065,836
1073,844
1065,852
1057,860
1065,852
1073,860
1081,852
1089,844
1081,836
1089,828
1097,836
1105,828
1097,820
1089,828
1097,836
1089,844
1081,836
1089,844
1081,836
1089,844
1081,852
1073,844
1081,836
1089,844
1081,836
1089,844
1081,836
1073,844
1065,836
1073,844
1065,836
1073,844
1065,836
1057,844
1065,852
1057,844
1065,852
1073,860
1081,852
1073,860
1081,852
1073,860
1081,852
1073,844
1081,836
1073,828
1081,820
1089,828
1097,820
1089,828
1081,836
1073,828
1065,836
1073,844
1081,836
1089,844
1097,836
1089,844
1081,836
1089,828
1097,820
1089,828
1097,820
1089,828
1097,836
1089,828
1097,836
1089,844
1081,836
1073,828
1081,836
1089,828
1097,820
1089,812
1081,820
1089,828
1097,820
1105,828
1097,820
1105,828
1097,836
1089,828
1081,836
1089,844
1081,836
1089,844
1081,852
1073,844
1065,836
1073,844
1081,836
1073,828
1081,820
1089,828
1081,820
1089,828
1081,836
1073,828
1065,820
1073,812
1065,820
1073,828
1081,836
1073,828
1081,836
1073,844
1065,836
1073,828
1065,820
1073,828
1081,836
1073,828
1081,836
1089,828
1097,836
1105,844
1097,836
1089,844
1081,836
1089,828
1097,836
1089,844
1081,836
1073,828
1081,836
1073,828
1081,836
1073,828
1081,836
1073,844
1081,836
1073,844
1081,852
1073,844
1065,852
1073,844
1065,836
1073,844
1081,836
1089,828
1097,820
1089,828
1097,836
1105,828
1113,820
1105,812
1097,820
1089,828
1097,836
1089,844
1081,836
1089,828
1081,836
1089,828
1097,836
1089,844
1081,852
1089,844
1097,836
1105,844
1097,836
1089,844
1081,836
1089,844
1081,852
1073,844
1081,852
1089,844
1081,852
1089,844
1081,836
1089,828
1097,836
1105,828
1113,820
1105,828
1097,836
1105,844
1097,836
1089,844
1081,836
1073,828
1081,820
1089,812
1081,820
1089,828
1097,836
1105,844
1097,836
1089,844
1081,852
1089,860
1081,852
1073,860
1065,852
1073,844
1081,852
1073,844
1081,852
1073,860
1081,852
1073,860
1081,852
1073,860
1081,852
1073,860
1081,852
1073,860
1081,852
1073,860
1081,852
1073,860
1065,868
1073,860
1065,852
1073,844
1065,852
1073,844
1065,852
1057,860
1065,852
1073,844
1065,852
1057,860
1065,852
1073,844
1081,836
1089,828
1097,836
1089,828
1097,836
1105,844
1097,836
1089,844
1081,836
1089,844
1081,852
1073,844
1081,836
1073,828
1065,820
1073,828
1081,836
1073,844
1081,836
1089,828
1081,836
1073,828
1081,820
1089,812
1081,820
1089,828
1097,836
1105,828
1097,836
1105,844
1097,836
1089,828
1081,820
1073,828
1081,820
1089,828
1097,836
1105,828
1097,820
1089,828
1081,836
1089,844
1081,836
1089,844
1081,852
1089,844
1097,836
1105,828
1097,836
1089,844
1097,852
1089,844
1081,852
1089,844
1097,836
1089,828
1081,820
1089,812
1081,820
1089,828
1097,820
1089,828
1097,836
1105,844
1097,836
1105,844
1097,852
1089,844
1081,836
1089,828
1081,820
1089,828
1081,836
1073,844
1065,852
1073,860
1065,852
1057,860
1065,852
1057,860
1065,852
1057,860
1065,852
1057,860
1065,852
1057,860
1065,868
1057,860
1049,852
1057,844
1065,836
1073,828
1081,820
1089,828
1097,836
1089,828
1097,836
1105,844
1097,836
1089,844
1081,836
1073,828
1081,836
1089,828
1097,820
1089,828
1097,836
1089,828
1097,836
1105,844
1097,852
1089,844
1081,836
1089,828
1081,820
1089,828
1081,836
1089,828
1097,836
1089,828
1081,836
1089,844
1081,836
1073,844
1065,852
