Linear_Agent_Pos_728_830: 868.8027555631932
Random_Agent_Pos_728_830: 703.7153213563215
