Linear_Agent_Pos_2635_423: 1040.415160581182
Random_Agent_Pos_2635_423: 276.6720451534195
