Linear_Agent_Pos_2635_423: 1040.415160581182
Random_Agent_Pos_2635_423: 276.6720451534195
Curiosity_Brain_PriorityMem32_ImgSize64_NovMSE_Train1_Lrate0.001_Agent_Pos_2635_423: 122.02187312750169
Curiosity_Brain_PriorityMem32_ImgSize64_NovMSE_Train1_Lrate0.0005_Agent_Pos_2635_423: 122.02187312750169
Curiosity_Brain_PriorityMem32_ImgSize64_NovMSE_Train2_Lrate0.001_Agent_Pos_2635_423: 122.02187312750169
Curiosity_Brain_PriorityMem32_ImgSize64_NovMSE_Train2_Lrate0.0005_Agent_Pos_2635_423: 122.02187312750169
Curiosity_Brain_PriorityMem32_ImgSize64_NovMSE_Train3_Lrate0.001_Agent_Pos_2635_423: 122.02187312750169
Curiosity_Brain_PriorityMem32_ImgSize64_NovMSE_Train3_Lrate0.0005_Agent_Pos_2635_423: 122.02187312750169
Curiosity_Brain_PriorityMem32_ImgSize64_NovMSE_Train4_Lrate0.001_Agent_Pos_2635_423: 122.02187312750169
Curiosity_Brain_PriorityMem32_ImgSize64_NovMSE_Train4_Lrate0.0005_Agent_Pos_2635_423: 122.02187312750169
Curiosity_Brain_PriorityMem32_ImgSize64_NovMAE_Train1_Lrate0.001_Agent_Pos_2635_423: 122.02187312750169
Curiosity_Brain_PriorityMem32_ImgSize64_NovMAE_Train1_Lrate0.0005_Agent_Pos_2635_423: 122.02187312750169
Curiosity_Brain_PriorityMem32_ImgSize64_NovMAE_Train2_Lrate0.001_Agent_Pos_2635_423: 122.02187312750169
Curiosity_Brain_PriorityMem32_ImgSize64_NovMAE_Train2_Lrate0.0005_Agent_Pos_2635_423: 122.02187312750169
Curiosity_Brain_PriorityMem32_ImgSize64_NovMAE_Train3_Lrate0.001_Agent_Pos_2635_423: 122.02187312750169
Curiosity_Brain_PriorityMem32_ImgSize64_NovMAE_Train3_Lrate0.0005_Agent_Pos_2635_423: 122.02187312750169
Curiosity_Brain_PriorityMem32_ImgSize64_NovMAE_Train4_Lrate0.001_Agent_Pos_2635_423: 122.02187312750169
Curiosity_Brain_PriorityMem32_ImgSize64_NovMAE_Train4_Lrate0.0005_Agent_Pos_2635_423: 122.02187312750169
Curiosity_Brain_PriorityMem64_ImgSize64_NovMSE_Train1_Lrate0.001_Agent_Pos_2635_423: 122.02187312750169
Curiosity_Brain_PriorityMem64_ImgSize64_NovMSE_Train1_Lrate0.0005_Agent_Pos_2635_423: 122.02187312750169
Curiosity_Brain_PriorityMem64_ImgSize64_NovMSE_Train2_Lrate0.001_Agent_Pos_2635_423: 122.02187312750169
Curiosity_Brain_PriorityMem64_ImgSize64_NovMSE_Train2_Lrate0.0005_Agent_Pos_2635_423: 122.02187312750169
Curiosity_Brain_PriorityMem64_ImgSize64_NovMSE_Train3_Lrate0.001_Agent_Pos_2635_423: 122.02187312750169
Curiosity_Brain_PriorityMem64_ImgSize64_NovMSE_Train3_Lrate0.0005_Agent_Pos_2635_423: 122.02187312750169
Curiosity_Brain_PriorityMem64_ImgSize64_NovMSE_Train4_Lrate0.001_Agent_Pos_2635_423: 122.02187312750169
Curiosity_Brain_PriorityMem64_ImgSize64_NovMSE_Train4_Lrate0.0005_Agent_Pos_2635_423: 122.02187312750169
Curiosity_Brain_PriorityMem64_ImgSize64_NovMAE_Train1_Lrate0.001_Agent_Pos_2635_423: 122.02187312750169
Curiosity_Brain_PriorityMem64_ImgSize64_NovMAE_Train1_Lrate0.0005_Agent_Pos_2635_423: 122.02187312750169
