Linear_Agent_Pos_1289_820: 890.4509850343904
Random_Agent_Pos_1289_820: 1236.9056771103415
