Linear_Agent_Pos_574_952: 953.3527618487603
Random_Agent_Pos_574_952: 486.08022107954844
